-1.736196	-2.371210
-0.901829	0.724777
-1.234331	2.823999
-0.415334	-1.972185
-2.898826	1.652776
-0.845814	0.439433
0.455288	-1.883351
1.928383	0.291336
3.144267	1.564053
-1.687163	2.531090
0.670564	1.916444
1.930907	-0.429947
1.714417	1.259243
-0.029492	-0.856433
0.541265	-0.036780
-2.191032	-1.737209
0.715644	-2.034350
-1.762641	-2.270603
1.270668	1.484400
-2.018227	0.630882
-0.042787	-2.960944
1.839655	-1.056820
0.275993	-3.283809
3.153782	0.694037
-1.253727	1.234471
-2.425514	-1.808713
-0.877638	2.051756
0.458848	-3.200607
0.978457	-1.505474
1.923868	-0.571591
-0.144639	-0.838805
-2.645386	-1.972517
1.830977	1.156500
-2.938420	0.058111
-0.407524	-3.036755
-2.250465	-1.520009
2.637540	1.216006
-1.918902	-2.140147
-1.359115	-2.614221
-2.029161	0.370274
-0.664230	-0.724069
-2.115191	-0.505298
1.525639	-1.225539
-0.562125	-1.029494
-2.979876	-0.798591
-0.905366	-2.600537
0.833955	-1.819772
-2.263278	-1.748268
-0.938094	-3.166596
2.212448	2.126032
-1.556495	-1.440400
2.443172	1.337445
-0.633866	-1.892787
1.942843	2.417969
1.593527	2.239860
0.749972	0.523827
0.485390	-1.872485
-1.765184	2.215251
1.148780	2.567247
-1.037190	1.929025
-0.133727	-3.074593
3.119729	-0.495308
-2.764584	-0.428027
-0.711075	0.162187
2.834849	-1.644768
0.451572	0.902677
0.027271	-1.872971
-2.206963	2.244806
0.071740	-2.482879
0.759169	-2.051339
-0.356177	-2.599015
2.217450	2.446050
-0.995391	2.931140
-1.176433	1.506201
2.124402	-1.863251
2.208690	-1.796181
-1.977910	0.495020
0.053054	2.721754
-2.500265	-1.834148
-0.634204	2.878957
0.693697	0.615263
2.166445	-2.184870
2.655199	-1.554005
2.753627	-1.155124
1.791970	0.816389
-2.859510	-0.520849
1.490180	0.165166
-0.383100	1.250430
0.894442	1.673567
0.611042	0.500724
-1.371191	-1.540910
2.779440	-1.611558
3.125751	-0.261447
0.648115	1.760386
2.801109	-1.431010
2.652550	0.999543
2.023266	0.230219
2.486079	1.456361
1.790851	-0.430630
1.053906	0.451566
1.165263	0.148707
2.073940	2.201326
0.600379	2.768072
-2.728161	0.977759
0.331739	1.193706
-0.149329	-2.989707
0.869111	-0.455406
-1.264620	2.860065
0.796892	2.984620
0.639218	-0.549526
0.287435	2.021818
-1.435464	-2.151568
-1.793938	0.730540
-2.047568	-0.953741
-1.983989	1.945899
1.982172	-1.033513
0.135207	3.467783
1.874920	-1.105918
-1.227827	1.576604
0.677401	-3.025328
-1.511059	-2.347326
2.141318	-2.292364
2.995463	-0.146844
1.482998	1.687990
0.516867	-2.895553
1.655825	-1.391431
2.969640	0.620915
0.230548	-0.872510
1.165510	1.329737
0.977058	1.841501
2.427955	1.272054
3.075952	0.280297
-0.454459	-0.477522
1.903839	-0.204435
3.207523	0.214424
-1.982244	1.885722
-1.270002	-1.276866
2.141036	-2.081144
-0.927125	0.070624
-1.449900	3.027684
2.553831	-1.497084
1.066606	2.677536
-1.851976	0.286067
1.039157	2.492306
-0.594575	3.212392
0.133203	0.815839
0.556469	0.793443
-0.824171	2.989663
-0.522513	2.876030
-0.424502	1.860369
3.201514	-0.669969
-0.216989	1.119802
0.294283	-1.764225
-2.763950	-1.265159
2.079908	0.137885
-2.676556	-1.546976
-2.372489	1.424005
-2.965983	-1.443913
1.667422	2.354671
3.149896	0.487039
-0.612821	1.868213
-0.120575	2.026236
1.726904	-0.257489
1.442248	2.548877
0.677401	-3.025328
-2.668983	0.627152
-1.789362	-1.605044
0.649761	-3.211750
0.027270	-1.066143
0.769461	-0.290833
-0.737994	-2.897000
-2.845126	0.025163
0.395896	0.698876
-0.651947	0.917066
1.734496	-0.467869
1.097388	-3.379960
-1.025469	-1.761712
-1.331957	-1.254683
-0.632111	2.761817
-0.401266	1.932520
-0.807507	1.947638
1.482450	2.207436
0.514775	1.869812
1.838996	-1.134985
0.719926	2.931568
-2.828176	0.383161
2.129838	-0.110650
0.197109	1.917789
0.734320	3.383657
-2.215235	-2.103697
-0.990862	0.063235
-2.896306	-1.097042
-0.985548	1.585606
-0.212699	-0.846289
-1.584393	0.767633
1.635258	1.264453
-2.257129	1.663083
-0.076521	-2.828499
-1.360971	1.509782
0.591514	-1.728575
3.101571	1.250220
-0.742031	2.801682
-2.035534	0.057376
-2.356594	1.530009
1.512816	1.127989
-0.733962	-2.086867
1.146498	1.831441
-2.814540	-0.250361
-2.191032	-1.737209
2.492347	-1.743045
-0.441929	-1.169739
2.188666	-1.804601
1.549151	-0.768084
2.103907	-1.180800
2.578532	1.559689
2.501752	0.379642
0.745264	-1.876816
1.007430	-1.424155
0.045793	1.874880
-0.091665	-1.819308
-2.801098	-0.640996
0.915117	0.101696
2.124402	-1.863251
-1.699520	-2.741511
-1.475139	2.814578
2.826685	-1.647061
-1.933023	-2.023290
2.501752	0.379642
2.695342	-0.272667
-0.911888	2.953804
-1.334846	2.594125
0.283319	-1.342161
-2.609007	1.401808
-2.796032	-0.691774
-2.722557	-0.036564
1.501101	-0.970037
-2.267852	-1.477961
3.153782	0.694037
0.251266	0.982162
0.626640	-2.298189
-1.959836	-1.058402
-0.434037	-0.878146
-1.356485	-1.404132
0.473560	2.773441
1.747827	0.890519
-2.873273	0.367158
-0.994919	1.945246
1.893418	1.157057
-3.164603	-0.670845
3.187667	-1.267797
1.889858	0.276446
1.746313	-2.208444
0.903182	-2.130139
-0.933741	1.633489
-2.715510	0.181423
-1.755268	1.191864
-1.438594	1.346762
-2.215235	-2.103697
1.063771	-1.592427
1.515080	2.513752
-0.114233	-2.669162
2.532393	-1.863816
-0.334168	1.033272
2.215194	1.863225
1.374750	-0.836042
0.012738	1.900341
-1.684039	0.438090
0.123192	-0.995142
-1.655301	-1.243303
-1.570947	1.127901
-2.312022	-1.897014
-1.262506	2.980674
-2.109320	0.172447
-0.124766	-2.183929
2.130954	-2.820678
-1.269350	-2.704646
2.112525	0.455739
1.806337	2.266177
-2.014079	2.721432
2.732031	1.077860
0.602843	-3.271966
-1.839595	2.062874
-0.252752	-1.747963
0.833235	-1.829974
-2.241080	-1.676516
0.660407	-0.562308
2.867489	0.953441
-2.625085	-1.507822
1.100593	-1.526279
1.727156	2.142713
2.433363	-1.339191
0.657008	-1.741986
-0.725011	-2.777324
-2.070763	0.666642
0.621477	1.982420
0.672440	0.931301
-1.820152	1.383940
2.779440	-1.611558
-1.278313	-1.925576
-1.673966	2.817930
0.984677	0.342991
1.319333	1.135822
-0.384970	-0.937309
2.723658	0.213661
-3.032393	0.517470
3.125256	1.138966
0.938641	2.699772
-1.110356	0.066952
-0.431589	-2.764363
-0.902590	-0.561629
-0.681492	0.955241
-0.507927	-2.477566
2.563837	-0.559153
1.643226	1.767178
0.256288	0.751022
-1.080469	-1.277425
-2.459055	1.829027
-2.857235	0.008166
1.089264	1.297161
2.100699	-0.116421
-0.346145	-1.708273
-2.085805	-2.001544
0.842669	0.770557
-0.074038	2.926169
1.718581	0.208018
-1.064908	-1.486066
-3.023394	-0.370752
0.460772	1.591119
-2.353645	1.736708
-0.168635	3.086500
1.339624	0.839299
-0.138613	2.198044
-3.110709	-0.023332
0.221121	-0.759860
-1.050879	-2.555567
0.275993	-3.283809
-0.004969	-1.004239
0.085607	1.266677
3.045484	0.672517
-1.655444	-0.586389
-0.761346	1.741092
0.833955	-1.819772
-0.205863	0.961656
2.074709	0.232361
1.158415	0.711630
-2.859404	0.621901
1.039157	2.492306
0.278791	3.303683
-2.102513	-0.563323
-0.069229	1.010116
0.648115	1.760386
-0.645180	-0.564437
-1.658971	1.010023
2.234684	-1.576722
-2.127552	-1.626153
2.066914	-2.062780
-3.006988	-0.462927
1.678264	-2.481263
-0.288071	1.964454
0.406452	2.730262
1.954988	-0.154490
-1.755268	1.191864
-1.217389	-1.628934
1.050112	2.953912
1.082067	0.014255
-1.147913	0.099721
1.098102	-0.750712
-1.278313	-1.925576
0.993529	0.251323
1.631471	-1.141950
-3.296809	-0.119538
-2.254227	1.671568
-1.934250	-0.386870
0.520564	1.958182
-2.581621	-1.308000
-0.870547	-1.376956
2.436124	1.499262
-2.756347	-0.313380
1.174541	2.728938
-0.603926	-0.548943
1.544295	0.692066
-0.137724	-3.195470
0.544646	0.539882
0.113591	1.915207
-3.225600	-0.221844
-1.966270	0.038043
1.296842	2.752173
-0.322995	1.276919
3.356185	0.624183
-2.655381	-1.237511
0.306162	-0.869885
0.907675	0.505692
-2.015979	-0.867981
-2.625085	-1.507822
1.599326	-2.216611
0.781185	0.327255
-1.921766	1.466633
0.395748	1.905242
2.585884	-1.285760
2.177872	-2.014991
-1.655444	-0.586389
-1.095613	0.308632
1.693737	-2.374825
-1.263473	-1.551572
-1.666805	2.269547
-2.618882	-1.309719
2.037813	0.418089
2.705595	0.962365
-2.440497	0.607843
-0.131304	-1.820038
-0.806948	1.595619
0.685914	0.207743
-0.574578	-1.109149
-2.777142	0.937067
-0.880077	-2.064874
-1.501257	-0.254076
-3.039811	-0.979178
-2.634567	-1.412798
1.812174	-0.782601
2.637540	1.216006
-1.640596	-2.213820
-2.002810	-2.256436
1.860331	1.243724
-2.631074	2.071091
-2.740057	-1.335694
0.972075	-3.019585
-0.334600	-1.713628
0.081707	-1.017508
-2.461440	-1.393802
0.272983	-0.990971
0.321301	1.183452
-0.444332	-0.618117
-0.784848	-0.144078
-1.065211	-1.624539
0.770278	-1.892084
-0.689896	1.927323
1.616870	-1.419874
1.739763	1.471670
-0.138613	2.198044
2.000658	2.513582
-0.791360	0.976697
-3.206112	0.194088
1.174541	2.728938
0.110980	0.956275
1.847526	0.165957
0.493898	1.173414
0.316414	-3.159000
0.245739	-1.831943
-0.393771	-3.275706
-0.373882	-2.058321
-2.527585	-0.926350
-1.784430	-0.856513
-1.760699	-0.981843
-1.846220	-0.770843
-2.326000	-2.229177
1.001603	-1.677901
1.631378	1.135709
-1.786539	-2.760047
-0.295390	2.937794
-1.255998	1.588411
1.858159	1.068273
-0.375585	3.194808
0.797411	-1.850350
3.062975	0.726676
-3.055022	0.612170
-2.432074	-1.879181
3.062879	0.335938
-0.520436	-1.687888
-2.835708	-0.147422
-0.514116	-1.099719
-2.491335	1.753540
-0.731453	-0.750868
-1.149806	-1.836201
0.861472	-2.997264
0.246369	-0.900301
-0.215344	-1.772978
0.867338	-2.773576
-1.655301	-1.243303
-2.250465	-1.520009
-2.170998	-1.578320
0.898515	1.804037
-2.798766	-1.238482
0.864025	1.849183
-2.098048	-2.563115
0.366014	1.950675
-1.568795	0.946402
2.826742	-0.256514
0.256011	-3.000836
-2.932785	-0.452199
-2.780700	-0.576610
0.417982	3.301674
1.420643	-2.607936
-1.752790	-0.537308
2.237092	2.140465
0.300371	1.254669
2.151088	-0.610416
0.955896	-0.372046
2.023266	0.230219
-1.640596	-2.213820
1.292725	2.684307
1.859914	1.863062
-2.244686	-1.932788
-0.569222	-2.100740
-1.576117	-0.612466
-2.370938	-0.159982
1.411066	0.294188
0.896442	0.491942
1.343315	-2.755435
1.352469	-2.525111
0.776763	-1.763484
-2.288396	1.693533
-1.502175	0.455407
2.234684	-1.576722
-0.828205	0.091583
1.383129	-1.192816
1.098102	-0.750712
-0.072490	3.231855
-2.380509	1.855015
-1.433131	0.400092
-3.217402	-0.785937
3.366526	-0.784681
-0.083957	-0.868456
1.855339	-0.596219
-0.913328	0.670764
1.831431	-0.924591
2.567371	0.087502
2.710637	-1.127450
1.974999	-0.532491
-0.599124	3.125905
-0.385820	2.141866
-1.556631	-1.224730
-1.030133	1.999003
-1.522076	-2.601464
-0.375585	3.194808
-2.478041	-1.999657
0.113591	1.915207
-0.445209	-2.100407
2.826742	-0.256514
1.001603	-1.677901
-2.448659	0.438634
-2.631419	1.866382
-1.110356	0.066952
1.522211	-2.606913
-2.828176	0.383161
2.432026	-1.627831
1.921239	-0.247090
-2.866682	-1.289441
2.765895	-1.102217
-1.070854	-1.336857
1.042324	1.421393
-0.346948	2.230784
1.287598	1.809347
1.984842	0.493042
1.460885	1.339286
-0.137025	-3.141796
0.632673	-2.828925
2.732031	1.077860
-1.092482	0.231636
-0.073290	-2.965737
1.417198	-2.804876
-0.351105	1.734096
-0.368975	-2.933393
2.766395	-1.610867
0.237310	1.370256
1.901138	1.101668
2.541184	2.100034
-0.676825	-1.200519
1.050726	3.090873
-2.126609	0.567812
-1.851976	0.286067
-2.969143	0.459771
2.707163	-0.721729
1.616684	2.520745
-2.473270	-2.111460
-1.972650	0.770890
2.691428	-0.945594
0.443215	-0.823980
-2.097099	1.929858
1.515080	2.513752
2.000813	2.310137
-3.124525	-0.807766
1.583781	-2.874227
-1.531153	2.503657
-1.921766	1.466633
2.942580	-0.562484
-0.878847	1.468026
1.512816	1.127989
1.565261	2.373668
0.861957	-0.691371
-2.143173	-1.934274
-0.754078	2.872710
0.459494	-2.156665
-2.544367	-1.734651
1.832506	1.949226
-0.212699	-0.846289
-0.219787	-0.925914
1.100593	-1.526279
0.171459	-2.160836
1.874191	1.073825
-1.569703	2.637215
1.940476	-1.094890
-0.894416	-1.696838
-1.864394	-2.161376
0.833798	0.018193
-1.046122	1.478647
-2.651854	1.572745
0.903182	-2.130139
1.009266	0.631938
2.889952	-1.207754
1.719885	-0.935454
-0.600998	3.549432
-0.205863	0.961656
-1.710001	-1.987327
0.537248	0.721757
-0.387512	0.967314
2.669509	1.279662
0.732224	-2.740381
0.842669	0.770557
-0.710519	-0.279376
0.685914	0.207743
-1.133712	1.853812
0.928983	1.604258
-0.251632	2.789495
1.353847	-2.501527
2.590713	-0.951390
1.742093	2.482984
-1.642301	2.205261
-2.344445	1.354837
-1.962182	0.311222
-0.742461	0.221183
0.892129	-0.103209
1.159842	2.557220
-0.671425	1.520986
-1.331957	-1.254683
0.242171	-3.077027
-2.005590	2.195938
0.637944	1.136302
-0.681716	2.779829
-3.076423	-0.586899
-0.448846	-2.895360
-0.670815	0.684888
0.760759	0.416599
1.789089	-0.486912
-1.183313	0.332232
-2.209298	-0.449371
0.837205	0.257844
-0.695481	2.987760
0.486767	-3.008652
2.000658	2.513582
2.102497	2.164058
-2.786717	-1.901282
-0.075531	-0.978545
1.204336	1.395863
-1.365792	2.543383
-0.265585	2.868710
1.039012	-2.908184
0.758409	-1.544294
-0.845248	-0.429837
0.443215	-0.823980
-0.947493	-0.434877
-2.047518	0.594532
-1.412445	0.862784
-0.819392	0.525254
-0.185210	1.112755
0.157172	1.934941
-1.048545	-0.035957
0.785306	2.627424
-2.896306	-1.097042
-0.425158	2.263432
0.022724	2.810127
0.315578	-3.263817
-2.376802	-1.212523
0.197109	1.917789
1.514422	-1.616353
2.909043	-0.820622
1.574931	0.769797
1.428177	2.269460
0.627536	-0.805208
3.083590	0.786063
-2.760365	1.456040
-2.852388	0.904440
-1.871049	0.793421
0.016659	-2.715945
-1.502821	1.132599
0.520313	1.936324
0.509709	2.071433
-0.379173	-1.751328
0.760759	0.416599
-1.844558	0.781436
2.021585	1.983388
-2.723096	1.419418
0.802352	0.491510
-1.857073	2.129703
1.725328	-1.220466
0.337852	-0.928924
0.747458	0.344636
3.182495	1.194901
-1.637837	-1.394928
-1.930744	-2.310412
1.734550	-1.903069
-0.610142	-0.817272
2.125684	-0.500088
-0.459631	2.121733
2.623903	1.981748
-3.338556	0.421483
0.315093	-2.073969
1.561584	1.564019
2.011423	0.354762
-1.534492	-1.439706
1.504562	1.223840
-1.372335	-2.372906
0.431833	1.021080
0.135207	3.467783
-0.975294	2.662134
1.038912	2.018434
-0.542403	1.549764
3.357968	0.267994
-0.600825	3.242060
0.804578	-1.669305
2.234149	-1.074445
1.515105	2.633721
1.963630	0.978194
-1.245724	-1.280056
2.787124	0.607927
-0.633866	-1.892787
-0.524908	0.783958
-2.357578	1.821545
1.025925	-1.814697
0.337085	1.860865
0.944420	-0.150679
-0.637502	2.854741
-0.833896	-0.404221
0.857976	-1.634492
-3.076423	-0.586899
-1.215329	-0.090476
0.950921	2.488701
0.314765	-0.910989
-1.488863	-2.152946
3.141056	0.787323
1.414832	1.677719
-0.415418	-0.951198
-2.267057	-2.401868
-0.492763	2.692802
0.109477	1.927089
2.805908	1.534132
0.266621	-2.841540
1.482730	-1.628675
3.063787	-0.538990
2.331897	-1.253123
-0.321869	1.476025
-2.633132	-1.621511
-2.804147	-0.940460
-0.632358	-0.722157
-0.039405	-0.761083
-0.180892	-2.138471
-1.921768	-1.043677
-0.252912	-2.793618
0.325379	-2.830997
1.328866	-1.231945
0.047880	-1.880616
0.246369	-0.900301
2.781431	0.874063
-1.938470	1.017494
3.101571	1.250220
2.343996	0.913539
-1.827640	-2.306275
0.312686	0.915563
-1.093957	0.018791
-2.845541	1.181600
1.647479	0.446762
-2.256341	2.281158
1.436888	-2.799774
-0.742031	2.801682
-2.447737	-2.004480
-1.793938	0.730540
2.637540	1.216006
1.851306	-0.817058
0.148955	2.624363
-0.148604	-2.155724
0.416203	-1.188439
3.093730	-0.865703
-2.726428	0.759149
-2.872529	-1.508490
1.719066	1.530038
0.493661	2.801142
-0.690962	-1.091196
-0.439761	-3.120631
-2.739137	-1.300463
-1.439013	-1.512767
-1.440778	-2.333687
3.088226	-0.281560
1.453751	-1.247017
0.496136	-1.850282
-1.380428	-2.373646
1.375676	2.691916
1.343315	-2.755435
1.899222	1.040546
-1.795331	0.160255
-1.652900	0.332830
-0.526254	1.535060
-2.721668	1.051262
0.068146	0.953031
1.479569	-2.618431
-0.768631	0.381201
-0.827652	1.854491
0.938641	2.699772
3.180764	0.082137
-1.479951	2.616720
2.343996	0.913539
0.993656	1.766994
0.931358	2.685459
2.513589	1.172454
0.088868	2.984127
1.200329	0.009747
-0.650528	-0.456864
-2.679414	1.381575
1.325541	-2.645385
0.653406	-2.996289
0.189163	1.178016
2.707969	1.813978
-2.567802	-0.734361
2.930853	-1.102390
0.360681	-2.129401
-1.195702	-0.326882
1.753498	-2.456908
1.945345	-2.159182
1.238843	2.927006
1.462265	2.385524
-0.938094	-3.166596
2.005212	-1.089422
0.189163	1.178016
1.616870	-1.419874
-1.877374	0.940515
1.928064	-0.704836
-1.681288	2.824266
2.321835	1.578196
0.601359	1.620870
-2.617808	1.512490
-0.887438	0.526848
2.450768	1.678591
0.981967	2.530702
-1.064908	-1.486066
-1.846220	-0.770843
1.228588	-1.723787
-0.385820	2.141866
0.720348	1.030618
0.279550	-2.918104
3.357968	0.267994
0.150920	2.298894
1.466940	2.965682
0.603970	-2.148375
2.005212	-1.089422
0.886289	2.658159
0.833955	-1.819772
-2.357578	1.821545
-1.798025	1.450149
-0.662833	0.424530
-0.256510	2.941263
-3.204739	-0.475829
0.446211	1.665551
-0.969748	1.731504
-0.858651	-0.522593
-0.117343	2.898190
-3.313182	0.382006
-0.256510	2.941263
0.446579	0.585566
1.086397	0.088703
1.465247	-2.537894
-2.035340	-1.933147
1.824228	0.738521
-2.441419	0.308130
0.459494	-2.156665
-1.245724	-1.280056
1.518831	-1.359743
2.406879	-0.670312
-1.866904	-0.324208
-1.621197	-1.534012
0.478151	1.125522
-3.141135	-0.206807
2.568100	1.736690
1.962614	-0.601962
-3.115814	-0.016785
2.819887	-1.309814
1.938248	-0.978348
-0.968761	1.663841
-2.039220	-1.998842
-1.046244	1.786481
0.735454	-0.586857
-1.843735	0.551605
-1.575237	-1.088508
0.245697	1.445820
-0.685818	-0.969897
0.358877	-0.644207
0.867338	-2.773576
-2.756453	-1.283718
-0.296414	-1.756830
1.877827	2.456207
1.667246	-0.397236
-0.065339	-1.905442
2.465695	-1.443204
-0.385047	1.205436
-0.291998	-3.027886
-2.780700	-0.576610
0.780147	2.990649
-0.863861	-0.371245
-0.379663	2.876781
-1.354232	-0.294579
0.189163	1.178016
0.660565	2.162814
-1.945493	-2.213317
-0.487094	-0.941992
-0.695351	-2.095049
-0.907223	1.485825
-0.784848	-0.144078
-0.618948	-2.663494
1.224735	-1.511341
-1.899185	2.446756
3.103468	0.720125
2.531974	-1.372611
2.691428	-0.945594
2.344222	2.159980
2.705921	1.905748
-1.551088	2.712588
2.346547	1.755075
2.380382	2.236067
1.343315	-2.755435
1.224290	-2.943933
-0.777447	1.498213
-1.018490	-0.044582
-2.524027	-1.807777
-2.123224	0.255074
2.524173	-1.594025
0.695946	-1.207533
2.707953	-1.651188
-0.137724	-3.195470
0.715864	1.735590
1.586577	-0.061373
2.820111	1.457721
-0.771500	2.065781
-2.433929	-0.906515
0.741784	-0.409200
1.261609	-1.252315
-0.730624	-2.957167
0.386732	1.695122
-2.168907	-0.468528
-2.577882	1.681473
2.619068	1.137876
-2.011240	2.268156
1.658441	1.172063
2.721289	-1.310676
1.675770	-2.307995
-3.296978	0.929485
1.831431	-0.924591
2.200734	-0.516424
0.942496	2.853100
0.864025	1.849183
2.223601	-2.180163
-0.913440	2.627152
2.652550	0.999543
-1.948159	0.048420
-2.631074	2.071091
-2.002854	0.330612
-0.496338	-3.170102
-1.651560	2.697898
-2.211274	-2.283055
2.873348	-0.632405
0.786864	2.958444
-1.594760	0.646340
-0.932795	-2.057596
-2.668983	0.627152
-1.866904	-0.324208
2.393468	-1.857089
2.792739	-0.255332
-2.964885	-0.260448
-1.276198	0.997110
-1.192417	1.395311
-2.244686	-1.932788
-1.864103	2.505249
1.466940	2.965682
-0.109971	3.365014
-3.025156	0.048135
-0.787616	-0.482269
-0.053886	-1.086253
-2.159244	-0.259778
1.753178	-1.159798
1.035399	-0.442897
-1.234331	2.823999
1.227518	2.760915
1.361736	1.218409
-1.400602	1.488153
0.111309	-0.933560
-1.232473	0.209783
-3.159210	-0.399536
0.414887	-2.098260
-3.313182	0.382006
-1.621197	-1.534012
-2.760365	1.456040
0.677401	-3.025328
2.845366	0.505437
2.263779	1.912498
-2.099527	2.009316
2.299661	-1.809037
-2.654797	-0.305422
-2.723096	1.419418
2.907385	0.553797
2.565390	-1.524100
0.984677	0.342991
-2.431958	-2.179515
-2.072307	1.927138
0.838485	2.393958
1.246234	-1.477935
2.995463	-0.146844
-1.498693	1.172367
-0.035645	-0.967497
0.054463	-3.260554
-2.114830	0.198843
3.154307	0.170331
-2.182728	-2.471998
-2.551627	-0.851597
2.875511	-0.177295
-1.535270	1.459237
2.212448	2.126032
0.221121	-0.759860
0.123192	-0.995142
-3.110709	-0.023332
-0.315496	1.105337
-0.819392	0.525254
-2.919853	-0.263066
2.754407	-0.819350
-2.090473	-1.985263
-1.502821	1.132599
1.426178	2.650781
0.858308	-1.910598
2.193074	2.582324
-2.478041	-1.999657
1.795159	-1.049218
0.358708	2.880382
3.063787	-0.538990
0.989327	-1.666790
0.924085	-0.189022
-2.098048	-2.563115
-2.406796	-1.888617
-0.015613	0.825411
0.957330	0.422704
0.321249	2.876152
-0.267919	-0.845080
1.717612	2.753662
0.715644	-2.034350
-1.093957	0.018791
1.929253	2.073597
1.476819	-0.892370
2.013341	-0.395821
0.551862	-1.699446
-1.618401	-2.479882
-1.189419	-2.724189
-1.642787	-1.484350
1.054734	2.490002
-0.446132	2.868261
-0.496999	0.754860
2.885787	1.182418
1.643226	1.767178
1.679899	-2.554796
0.316763	2.980189
-0.494010	-1.783714
2.110106	-2.193649
-0.994919	1.945246
-1.149806	-1.836201
2.999752	0.566835
1.248080	0.638663
-1.356931	2.810055
-2.749440	-1.211006
2.875511	-0.177295
-1.088419	-1.315235
0.774448	-0.982279
-0.135988	-3.336009
-0.902558	-1.589552
-0.236012	-0.696939
-0.948642	-0.043479
-0.593318	-0.158732
0.113591	1.915207
-0.959820	-1.730080
-0.901829	0.724777
0.319812	1.872434
-0.837327	0.448543
-1.021493	-1.558005
0.733499	-0.677202
-1.617518	2.824199
0.693697	0.615263
-0.436841	-0.569979
-0.473832	0.908538
-1.666805	2.269547
0.649761	-3.211750
-1.751337	-2.489927
-2.139310	2.306827
0.003014	-2.944951
0.836643	0.272689
2.837131	0.373770
-0.428050	-0.638775
1.565261	2.373668
1.148780	2.567247
-0.662833	0.424530
-0.415334	-1.972185
1.966064	-0.965908
0.763770	1.438692
0.873550	-3.002144
1.734550	-1.903069
0.620568	1.894354
-0.367026	-2.605622
3.154307	0.170331
-1.448303	-2.490981
2.387217	1.686625
1.485534	-1.412106
-1.228252	-3.108847
3.182003	1.151963
1.616870	-1.419874
-1.225904	1.108596
0.904338	2.764403
1.718048	2.657677
1.233116	-2.934310
0.662079	0.349784
-0.442108	-2.963218
1.869430	-0.099344
-0.600998	3.549432
1.117939	-2.609311
0.632060	2.702903
-2.622772	0.659597
1.805345	1.006516
-0.833841	-1.694036
0.119658	-0.997369
2.370799	1.407671
-1.658971	1.010023
2.779440	-1.611558
-2.126609	0.567812
0.837205	0.257844
0.234608	3.067925
-0.240428	3.078755
0.734320	3.383657
1.165510	1.329737
-0.892396	0.568494
2.183762	-0.604848
-1.802822	0.659223
2.046835	0.611839
-2.997473	-0.877641
-2.347660	1.878105
1.966064	-0.965908
-0.671425	1.520986
-2.378775	-1.521832
2.647584	1.803548
-2.254227	1.671568
2.779440	-1.611558
-0.933741	1.633489
2.913812	0.188551
-1.314037	-0.984520
-2.564738	-0.924101
-1.517528	-0.902614
-3.002236	-0.641284
-1.451200	2.701900
-1.195707	0.039242
0.924085	-0.189022
-2.928105	-0.248712
0.089034	-2.429892
-2.938561	0.756344
-0.878847	1.468026
-2.832789	-1.168158
-0.703969	0.148649
-0.766157	-2.605668
-0.963668	0.029474
-2.948002	-0.504166
1.301721	-1.752026
-1.046122	1.478647
0.390441	2.251652
0.621477	1.982420
1.642003	1.134583
-1.877374	0.940515
0.743938	-1.775932
2.322544	0.416212
-1.748655	-0.587217
-1.454586	-0.176188
-2.126609	0.567812
2.005212	-1.089422
2.837723	1.333968
-2.874133	0.367566
-0.391711	-1.891241
1.392328	2.443733
0.331739	1.193706
-1.772783	0.996851
-2.380511	-1.443954
-0.109115	-3.347456
0.699177	2.853371
-0.680590	0.625779
0.287435	2.021818
0.354265	-0.750833
1.796760	2.152746
-2.726428	0.759149
-1.363329	2.222628
-0.780456	-0.537593
-2.545220	-1.804611
-0.803806	0.440458
-2.965983	-1.443913
1.041750	2.921561
0.520313	1.936324
-0.856173	-2.590936
-0.243464	-0.576991
1.070964	3.026901
0.046854	-1.811174
2.672300	-0.967598
-2.139385	2.087655
-2.787813	0.139675
-2.113570	1.830786
2.759311	-0.272541
-0.354293	1.220269
1.949304	2.481013
-1.539448	1.233234
-2.735260	-0.862377
-0.680590	0.625779
-1.099887	-0.238441
-1.340932	0.822830
-1.658979	-0.628490
-0.633866	-1.892787
-2.822384	1.636876
-0.473832	0.908538
-0.629717	0.510703
3.119729	-0.495308
3.176682	-0.797558
-0.113402	-0.796724
0.054409	-2.017147
0.207932	2.101046
2.352369	1.670436
-1.067181	1.727786
0.561613	-1.918325
1.614758	-2.454331
2.289473	1.691345
2.412906	-1.220571
-2.008730	-0.054150
-1.801721	0.838591
0.530454	-2.744465
2.176425	-0.927489
-2.123224	0.255074
1.054734	2.490002
2.020177	-1.904208
2.737619	1.297932
0.333259	1.309626
2.952106	-0.150717
-2.984565	-0.753149
-1.275658	1.626689
0.506694	-1.060727
-1.912572	0.418457
-3.204739	-0.475829
-2.035534	0.057376
-1.963527	0.774460
-2.215235	-2.103697
-2.145880	0.557445
-1.338788	-1.392505
-1.791736	2.474407
1.499041	-0.212107
0.802352	0.491510
-0.539611	0.815095
-0.004969	-1.004239
-2.285172	1.608528
1.498398	-0.570725
2.743524	-1.905992
1.576735	-0.617858
-0.429610	0.736823
0.752525	0.286455
-2.924759	1.401255
0.316763	2.980189
-2.478041	-1.999657
-3.033260	0.505600
-1.215786	0.445027
1.655619	0.937754
-0.723577	0.558601
1.108424	-3.084110
1.752594	-2.030450
2.838346	1.896698
-1.140068	2.079908
0.016659	-2.715945
-0.840823	1.899348
-2.940331	-0.141784
-0.006825	1.104421
0.386623	-2.194733
-0.357362	-2.103446
0.083969	-2.208905
-0.793805	0.669833
-0.565115	2.954341
2.882576	-0.479048
-0.637075	-0.926450
2.421398	1.542186
1.148382	2.906704
-1.259564	0.638573
0.005050	2.980687
-1.240153	0.457613
1.432623	-1.571078
2.020177	-1.904208
0.758762	-3.114110
0.980570	2.508067
1.783448	-2.821771
1.910569	0.351683
-0.647285	2.784368
0.123192	-0.995142
-0.859156	-0.101026
1.268990	1.751949
2.620304	-0.179825
0.531393	2.126784
0.291653	1.873412
2.867489	0.953441
-3.313182	0.382006
1.358548	-1.467805
1.321155	-1.480904
-2.873273	0.367158
-2.830778	-0.795494
-0.408494	1.821028
1.034578	-1.694410
-1.046244	1.786481
2.779440	-1.611558
-0.925186	-1.690038
-1.586191	-2.910962
-3.039811	-0.979178
1.742093	2.482984
-2.080712	-2.168689
-2.633618	-1.227949
-0.592474	0.596789
-1.065491	-0.863866
1.420643	-2.607936
-1.801130	0.371791
0.434190	2.920674
-2.827244	1.339769
-1.667605	0.415413
0.724466	-1.769668
1.039012	-2.908184
1.308529	1.186366
2.637540	1.216006
-1.141735	-0.485660
-0.147657	2.441652
0.497310	-3.306721
0.360681	-2.129401
-1.771568	0.894371
0.192840	-3.078268
-0.637502	2.854741
2.480906	-1.388313
-2.629357	1.038733
-2.436097	-2.189958
1.852263	-1.187670
2.805102	-0.104077
1.214937	1.658059
-2.630926	0.499823
-1.298587	1.533610
-1.281729	-2.610845
0.680575	1.848720
-2.567626	-0.941614
2.996103	-0.101801
-0.070644	3.134796
1.100593	-1.526279
0.924085	-0.189022
0.173536	-2.757726
0.046782	2.030761
2.470475	1.800119
-1.708750	-0.913087
1.088254	-2.960948
-0.917677	-2.927665
-2.125480	2.399709
1.688162	-2.550634
-0.473319	-1.871684
-1.412445	0.862784
2.445652	-2.257632
2.066914	-2.062780
1.815756	-0.211705
0.864025	1.849183
1.039157	2.492306
-0.733505	2.477174
-2.284116	1.419446
-1.174411	1.481610
-0.091665	-1.819308
1.936844	0.412009
-2.910866	0.253376
1.238843	2.927006
2.575321	1.473168
-1.595358	-2.376057
2.779440	-1.611558
-3.028888	-0.061163
-2.536966	-1.252670
0.317695	1.007344
-0.419806	3.016021
3.298451	0.747768
-0.568495	0.721016
-0.355525	2.955429
-2.907608	-0.411905
0.833022	-0.497485
-1.508719	-1.168765
1.898419	-0.087421
2.763987	0.561408
-0.215344	-1.772978
0.718014	-0.093210
-1.699821	-2.166960
-1.806214	1.507577
-0.039405	-0.761083
0.331739	1.193706
-2.828713	1.215897
1.063387	1.778738
-1.730887	2.979585
2.805102	-0.104077
-2.514343	1.633549
0.245541	2.743527
-1.421428	-1.157832
1.559787	-1.456016
-0.429610	0.736823
-0.120575	2.026236
-0.252752	-1.747963
0.439041	-0.717960
1.227859	1.583105
-0.091097	2.006101
3.180764	0.082137
2.867525	0.321090
-0.385047	1.205436
1.176708	2.646606
-0.848777	-1.572328
0.230548	-0.872510
-1.136503	1.602927
0.249156	-0.724627
-0.138613	2.198044
-1.862494	0.298028
-2.994209	1.228523
1.690065	-1.472371
-3.240271	0.173685
2.013269	-2.239033
-1.822867	2.391296
1.482450	2.207436
-1.189419	-2.724189
-1.628944	-1.603347
-2.974180	1.369176
-0.774945	-2.842385
2.657563	-0.885198
-2.002854	0.330612
-1.163893	1.889096
-1.147913	0.099721
-2.176475	0.099709
2.507629	-1.109668
-1.275658	1.626689
-0.603926	-0.548943
-0.634204	2.878957
-1.763609	-0.521643
-1.790877	-0.753908
-0.299653	2.183827
-0.769952	-2.983209
3.357968	0.267994
0.051002	1.871495
-1.269350	-2.704646
-0.823778	0.536623
0.752560	-3.182219
-2.359005	-1.608352
-2.749440	-1.211006
-1.640596	-2.213820
2.531716	1.233795
-0.021538	-1.739640
2.738952	-0.712676
-2.440497	0.607843
0.690556	0.814763
1.071662	-2.588374
-2.864404	0.965166
-2.742359	-0.921200
0.314765	-0.910989
3.288325	0.002806
-2.054142	0.551807
2.630073	-0.847009
-0.870547	-1.376956
-0.591950	0.543465
-0.425158	2.263432
2.541184	2.100034
-1.742286	-2.522805
2.013341	-0.395821
-2.447040	-0.909701
1.000578	2.992820
-3.444629	-0.616410
-2.054142	0.551807
0.016546	1.002143
-0.715099	1.907366
-0.294398	-1.940262
-1.798987	1.099441
2.827103	-1.524046
0.734134	-0.032884
2.788673	-1.147776
-2.391165	0.860237
-1.055387	2.583459
-2.522557	1.524919
-0.681400	0.263852
2.260380	-2.280332
-1.593810	1.765038
0.081707	-1.017508
2.781431	0.874063
1.998218	0.156749
-0.411896	-2.722513
-3.183659	-0.355930
1.775321	-2.677400
1.725328	-1.220466
2.907385	0.553797
-2.892519	1.581578
-1.451200	2.701900
-3.087575	0.125095
1.436426	-1.325791
0.861914	-0.170373
-1.431370	-1.182347
-0.847739	-1.986392
-0.004879	-1.708615
0.050899	-2.842399
1.481004	1.627194
-2.536966	-1.252670
0.194006	-2.740770
-1.221468	1.191379
-0.383129	-0.701190
1.976108	-1.878830
2.611528	-1.489550
0.478347	0.788647
-0.695481	2.987760
-1.254109	-2.280939
-1.650778	1.177316
-1.073093	-0.110139
-0.496999	0.754860
1.518017	0.777151
-1.748393	-2.557827
1.996169	1.774430
-3.082667	-1.304307
-0.113897	2.146309
-2.955309	1.015585
1.205930	1.734818
-0.340324	1.182375
2.096582	1.949696
2.092584	-0.141443
0.980738	2.882155
3.001627	0.225496
-0.845256	-3.254664
0.741784	-0.409200
-0.878847	1.468026
0.533228	-3.299868
-0.599124	3.125905
-3.533627	0.140077
-0.004429	2.008580
-0.670815	0.684888
-0.281559	-0.795104
-1.133681	0.462334
-1.123277	-1.506779
1.930827	-2.113988
0.917659	1.401587
-3.237828	0.288466
2.092584	-0.141443
-2.244177	1.730632
2.892847	-0.521853
0.735497	-0.126067
-2.753064	0.681691
-2.393425	1.554082
-1.431515	1.385569
1.380075	2.833693
0.769461	-0.290833
2.190751	-0.482505
-1.088419	-1.315235
0.304456	1.232537
1.954988	-0.154490
2.511306	-2.280767
-2.583097	-1.287664
2.797369	0.455491
-3.032393	0.517470
1.719885	-0.935454
-0.159602	-2.725093
-0.048975	2.277104
0.844838	0.005048
1.603822	1.435220
-0.559582	0.777362
-0.754732	0.536233
0.414887	-2.098260
-0.240428	3.078755
2.671213	1.872717
-2.782460	-0.227565
-0.321869	1.476025
2.030707	-0.775568
0.368472	-2.816560
-0.163864	2.984395
1.536282	1.508822
1.384475	-2.994789
-0.346948	2.230784
2.571971	0.754209
-0.875172	1.108678
-0.633866	-1.892787
3.341319	0.340667
-1.263473	-1.551572
-0.443024	1.994613
2.600452	-0.761632
0.946483	-0.159965
-0.856863	-2.849637
-0.708847	-2.809464
-1.528392	-0.726917
0.794421	0.614924
-0.790600	2.734581
2.971559	-1.099667
-0.848777	-1.572328
-2.723096	1.419418
-1.425954	-2.644210
2.803883	0.006854
2.897271	-0.255331
2.007931	2.521811
3.197098	-0.005232
1.607189	-1.339141
-0.907223	1.485825
1.221700	1.083198
-3.320056	-1.134250
-2.918966	1.025364
-1.869272	-2.095745
-1.598262	-2.381418
-2.017392	-2.546349
1.120933	-0.336999
0.392636	-0.729993
1.686069	0.392288
-1.921768	-1.043677
-1.831509	-2.526969
1.910138	0.122662
-2.816608	-0.113074
2.154875	1.584753
-1.527780	2.388669
-2.707064	-1.121234
-2.822011	0.315168
0.052629	2.946810
2.907931	-0.400456
2.234684	-1.576722
-2.668983	0.627152
0.797275	-3.031909
-1.436930	2.402248
1.975399	2.279624
-0.645180	-0.564437
1.912418	1.586741
-1.178703	-1.659469
0.207932	2.101046
-0.992803	-0.491147
-0.897161	1.959380
-0.496999	0.754860
2.544451	0.031430
-0.053886	-1.086253
-3.115814	-0.016785
2.562627	-1.676014
0.549623	-2.211147
-0.578308	-2.966741
-2.319929	1.721667
1.187592	-0.073176
2.319688	1.919369
-0.465647	-1.227939
-2.161726	2.220883
0.957330	0.422704
1.358548	-1.467805
-0.581480	-0.680894
1.856044	-2.323429
0.314615	0.771969
2.992209	0.914079
2.278640	-1.650974
1.428177	2.269460
2.129838	-0.110650
2.803301	-1.088979
1.343315	-2.755435
0.639896	-1.970155
0.103115	3.253701
-0.715004	-1.034765
2.819887	-1.309814
0.649761	-3.211750
-0.603926	-0.548943
1.454615	-2.195560
1.734496	-0.467869
-2.441419	0.308130
0.265290	0.720705
2.068500	-2.383123
1.616470	-2.881925
1.374750	-0.836042
0.857802	-0.169763
3.043627	-0.489381
0.675252	0.970352
2.474875	0.875590
-0.334168	1.033272
0.712446	2.002166
-0.004429	2.008580
-0.703534	-0.074803
-0.891678	-2.976643
2.305538	-1.864129
0.857802	-0.169763
1.515080	2.513752
1.344769	2.850549
1.037519	0.104039
-0.165766	2.944962
-1.765839	2.474053
-0.368909	-0.543488
-0.114233	-2.669162
-1.009416	-3.014891
2.208486	2.082321
0.369250	0.798030
-3.087686	0.057511
-3.003448	0.085761
1.237157	2.845031
1.614757	2.308989
-0.629717	0.510703
2.703652	0.253684
1.742093	2.482984
-1.143823	1.397584
1.341499	1.728715
-1.192417	1.395311
2.216857	-1.987016
-3.151031	-0.436620
-1.037190	1.929025
3.051901	0.128573
0.417792	2.208448
-1.730887	2.979585
-2.251659	-1.913935
0.797275	-3.031909
-1.795331	0.160255
0.449580	1.021308
1.634122	1.547270
-1.938476	0.640032
-2.986843	-0.731195
-0.610142	-0.817272
2.765895	-1.102217
1.534621	-2.652057
1.381236	-1.065179
-1.090122	2.624995
-0.742476	-0.279745
-0.133727	-3.074593
0.037138	2.106816
1.083017	-0.033132
2.785932	1.102374
1.585655	2.483412
-0.522707	3.154770
-0.738696	3.072708
0.842692	0.437449
-0.611274	1.053717
-2.614352	-1.747919
-2.798851	-1.002097
-0.242340	0.645989
-0.286878	1.793923
-3.025233	-0.073895
-1.594760	0.646340
-0.497465	1.983807
-1.579801	-2.895426
1.556899	-1.408127
2.013341	-0.395821
2.124402	-1.863251
-1.693801	-0.233464
2.009632	-1.574742
0.662079	0.349784
1.579293	1.393225
0.321301	1.183452
-0.638829	2.912000
-0.686832	2.062015
-1.699821	-2.166960
0.641029	-2.155221
1.241595	-1.375659
-2.028774	-0.336122
-1.748393	-2.557827
1.999667	0.205559
-1.319651	-2.871418
0.628929	2.704562
-0.539611	0.815095
-1.156323	1.697767
-1.344664	2.546781
2.704759	0.833623
-1.831528	-0.454762
2.906502	-1.081152
-0.885371	-0.178232
0.749607	0.477945
-0.857114	1.624973
3.182003	1.151963
2.563837	-0.559153
-1.012208	0.015580
1.088688	0.350490
-0.716031	2.979061
-2.479384	1.951741
-0.224512	-3.148383
0.389311	-2.070586
1.495324	-2.597150
0.856128	-2.336764
-0.655565	-2.120620
-1.123277	-1.506779
2.712588	0.868542
0.092822	-0.931442
-2.212427	0.076508
2.966293	-0.925558
1.155069	2.858957
0.876926	2.739967
-1.291335	-0.928651
2.233141	1.920087
-0.754078	2.872710
0.758762	-3.114110
0.537248	0.721757
-1.300040	2.758695
1.969877	-2.250042
-0.185210	1.112755
2.501752	0.379642
1.989136	1.921115
-1.784430	-0.856513
-2.524027	-1.807777
-0.130305	2.076388
-0.609524	-0.404795
0.256288	0.751022
-1.803584	-1.080072
-3.087575	0.125095
0.471196	-2.818131
-2.465657	1.365586
0.942265	3.264139
3.144217	-0.529524
-3.076423	-0.586899
-1.431581	-1.029113
0.415547	-1.806008
0.316763	2.980189
-2.319571	0.257159
1.328866	-1.231945
0.650319	-2.922028
-0.127297	-0.475355
-0.851296	2.783783
0.984265	2.766873
-2.372489	1.424005
0.932126	-0.623809
-0.816794	1.818694
1.225628	-1.953188
-1.834688	-2.541640
0.068146	0.953031
0.148955	2.624363
2.630073	-0.847009
-1.291335	-0.928651
0.565292	0.902251
2.155339	2.304081
-0.877638	2.051756
-2.170998	-1.578320
1.571310	-1.502417
-3.030380	0.321662
2.125194	2.042542
-2.846372	-0.571467
-1.508719	-1.168765
0.993656	1.766994
2.017395	0.581840
-0.226405	-2.956458
1.019163	-2.928261
-1.866648	0.899872
-2.097578	-0.870212
-1.028842	2.466471
-0.133724	-3.012058
2.127259	0.073992
1.981452	0.925162
-1.748525	2.396864
0.336644	2.909724
-0.029492	-0.856433
-2.902064	-1.084853
-1.646050	2.680377
1.025182	-0.081251
-1.278313	-1.925576
-0.384970	-0.937309
-2.114258	-2.508996
-1.166004	-1.286565
-2.035412	0.715631
-1.978143	1.911497
-2.296610	-0.961921
2.299661	-1.809037
-2.903610	-0.511477
1.919141	-2.439270
1.819136	-0.992299
-2.742359	-0.921200
-1.092482	0.231636
-2.049921	0.008428
0.785703	-3.176330
0.808219	0.521594
2.223002	-2.007067
2.553831	-1.497084
-2.970938	-0.011201
0.088794	2.030114
-0.627546	-1.811309
-3.201758	0.183684
-2.784153	-1.212472
1.341499	1.728715
-2.474227	0.829924
2.891587	0.124891
1.606278	2.288221
-3.147258	0.269805
1.775245	2.208940
0.804578	-1.669305
-1.890318	2.523631
0.499744	-0.673188
-2.151979	-2.249919
-0.130305	2.076388
1.859914	1.863062
-2.216753	-2.030517
0.661454	-3.045737
2.942580	-0.562484
-2.984526	-0.607399
-1.954689	-0.023766
0.842288	-1.764842
0.831992	-3.154803
0.417982	3.301674
-1.502821	1.132599
-1.881389	2.435169
0.608918	2.861423
-1.660540	-2.569737
-1.140126	-1.440350
-3.147258	0.269805
-0.234937	3.200562
-1.645755	1.361660
1.775245	2.208940
-2.123224	0.255074
0.868914	-0.558152
0.040010	1.006266
1.995132	2.790254
-2.073028	-2.042537
-0.599124	3.125905
-1.642301	2.205261
0.897800	-2.631033
-2.724478	-1.313560
2.867525	0.321090
-2.491335	1.753540
0.833022	-0.497485
2.826685	-1.647061
1.518082	-0.997892
3.055338	-0.720487
-2.288583	-2.460782
-0.407524	-3.036755
-0.090040	2.233344
1.858541	-0.000503
-1.359805	2.568578
0.541265	-0.036780
-0.291220	-0.297357
-0.220401	0.984804
-0.859882	-0.736793
0.235944	-2.944810
2.534557	-1.084976
-3.301146	0.480626
1.248657	1.323779
0.272879	-3.060890
-2.358025	0.039598
1.283654	1.430469
1.683371	2.674223
-0.797371	2.019173
2.728039	1.615297
0.533228	-3.299868
0.549623	-2.211147
0.341478	-0.779665
-1.259564	0.638573
3.341319	0.340667
1.814986	0.050853
3.045484	0.672517
1.199341	-1.508108
-2.938561	0.756344
-0.610142	-0.817272
2.815448	1.238270
1.317149	1.069718
0.506694	-1.060727
1.142319	-1.821841
-0.281559	-0.795104
-0.556790	0.894454
-2.093885	-2.072066
0.964644	1.718778
2.630073	-0.847009
2.998089	-0.879495
-2.114258	-2.508996
1.377928	-1.498748
2.852666	-1.398166
-2.448659	0.438634
0.637944	1.136302
-0.845814	0.439433
1.615890	0.492840
1.269098	1.362895
1.806081	-0.268884
-0.755063	0.809175
-1.918650	2.112361
-2.580004	1.825105
0.977058	1.841501
-2.274122	2.280893
1.270562	-1.613476
-2.336931	-1.588838
0.339851	-0.377265
-0.287414	-1.726329
-0.550213	-0.321509
-1.909577	-0.774749
1.255110	-0.053563
1.904689	-0.235063
-3.233145	0.234077
-1.562328	-2.158744
0.712578	0.473042
-2.051660	-2.056514
-0.224512	-3.148383
-1.843991	-1.116280
3.174259	-0.286846
-1.415109	-2.408852
-1.539448	1.233234
1.516578	-1.606310
3.182495	1.194901
0.034383	-3.309164
0.710753	0.550433
1.381236	-1.065179
1.616470	-2.881925
1.768485	-0.211951
0.204913	-3.246568
-2.576333	-1.099953
0.942217	-0.171340
1.559787	-1.456016
-2.370938	-0.159982
1.563970	-0.983136
-2.309262	1.621054
-1.748525	2.396864
1.477525	2.458596
1.830977	1.156500
3.074002	-1.113938
1.676316	-2.707348
-1.046195	-0.240130
1.167991	-2.941916
-1.934431	-0.552911
-2.590625	1.539237
0.358492	-1.138988
2.496695	1.443188
0.519534	3.010192
-1.721969	-0.265562
0.591514	-1.728575
0.416503	3.401612
-2.988564	1.328391
1.806081	-0.268884
0.054463	-3.260554
-1.302215	0.400409
0.415585	0.272494
-2.416298	-1.969489
0.983180	0.752547
-2.814540	-0.250361
-3.034270	-0.941223
0.731262	0.567115
2.468570	-1.547094
-0.645115	2.773847
2.300452	0.089512
-1.723122	2.232625
-1.629155	-0.826898
-0.286790	-2.159164
2.139385	0.098209
-2.579400	-1.301909
-1.371941	-1.274997
-0.829817	1.776931
3.299600	-0.353325
-0.885371	-0.178232
-2.026609	-0.718931
-0.756730	-0.428120
-0.378905	2.787743
1.444226	-3.077257
-1.479951	2.616720
0.797126	-1.482903
-1.742286	-2.522805
2.534557	-1.084976
0.304506	-2.240512
1.655825	-1.391431
-0.387512	0.967314
2.919244	0.440674
2.801109	-1.431010
1.108413	1.860025
1.966847	-1.968859
2.797369	0.455491
-2.905218	1.539082
0.942217	-0.171340
0.859964	-1.529257
-2.410687	1.733278
2.809503	-0.619766
0.780147	2.990649
-2.288583	-2.460782
2.086874	-1.746570
-1.560264	-1.441706
-2.386348	-1.673338
-2.874452	-0.664382
2.447557	1.845670
1.035876	2.769797
-1.959727	0.076795
-1.969982	2.643389
-3.044331	0.322671
-0.480739	-2.122352
2.701777	-0.688762
-0.355525	2.955429
2.200082	-0.872584
-2.385348	1.972957
-0.998498	1.778869
1.098719	2.987084
-1.867327	-2.302036
-0.827652	1.854491
1.487684	-1.482149
2.617925	1.828786
0.296617	-0.844708
1.974654	0.217308
2.916405	-0.333921
-3.108644	0.570316
-1.821652	-0.341231
1.675770	-2.307995
2.493825	-1.685071
-0.069229	1.010116
2.480906	-1.388313
2.217182	-2.104807
-0.629335	3.192204
1.214937	1.658059
-2.184769	0.046210
0.873592	-0.778149
1.669884	-0.377730
-2.844520	1.089090
0.499394	0.647398
-0.927125	0.070624
1.824228	0.738521
-2.564970	-0.813035
-3.004082	-0.882423
-0.147137	-1.997631
1.260588	2.788514
1.843880	0.643057
-3.102834	-0.029503
-0.995391	2.931140
0.955189	-1.330716
0.707678	-2.833493
0.497310	-3.306721
1.146498	1.831441
-1.858361	-0.713953
2.535203	-0.117154
2.800819	-0.708655
-2.482139	1.534541
-1.246108	3.045442
2.171136	-1.820688
-0.784848	-0.144078
-1.810958	0.796700
-0.627878	-2.362062
-1.515164	-2.692214
-2.420903	-2.051561
2.575321	1.473168
-1.793938	0.730540
1.539389	-1.908275
1.556638	2.658998
1.945219	0.226341
-0.804750	-0.058634
1.386174	2.523027
1.442248	2.548877
1.919281	-0.222852
2.637540	1.216006
-2.113250	-1.946693
-2.507886	1.594125
-0.928127	1.932680
-3.269879	0.188842
-0.351105	1.734096
-0.637502	2.854741
2.655199	-1.554005
-3.387046	-0.302386
-2.646172	-0.326803
-2.436097	-2.189958
-2.938420	0.058111
-0.777447	1.498213
3.062879	0.335938
0.967272	-1.922804
1.485534	-1.412106
-2.984565	-0.753149
-1.246108	3.045442
-2.134330	2.541994
-1.276655	-1.177385
2.003848	2.501036
-2.206963	2.244806
2.406879	-0.670312
-0.599124	3.125905
0.292389	2.775168
-0.921049	1.742726
-0.000846	1.226412
1.851306	-0.817058
0.110980	0.956275
0.476147	-0.316927
0.223242	-0.784357
1.810477	-2.336906
1.805744	0.529140
1.917841	-0.088560
-0.346079	3.111084
-1.440778	-2.333687
-1.780474	-2.238608
-0.004879	-1.708615
1.234886	-1.808017
-0.742476	-0.279745
-1.496306	0.247220
0.831364	-2.777584
1.481298	2.226069
-3.206112	0.194088
3.187667	-1.267797
-0.309861	1.702287
0.560803	0.659511
0.649089	1.657877
0.478347	0.788647
2.446064	-0.985790
-1.401412	2.523245
1.270668	1.484400
0.138060	-1.824849
2.720608	-0.923451
2.974627	-1.085994
-0.076521	-2.828499
1.549381	2.160089
0.661377	0.024149
0.644469	0.239886
0.148955	2.624363
-0.496250	3.281923
-0.581480	-0.680894
-0.109115	-3.347456
1.123443	1.563679
0.387079	-0.156359
-0.553814	-0.758757
1.108424	-3.084110
-0.617841	-2.137802
2.188666	-1.804601
-1.405402	1.770603
0.471953	2.357374
-1.593810	1.765038
-0.645515	1.793253
2.165235	2.004156
-3.100485	-0.797106
0.508177	2.011214
-1.890534	-0.863597
-0.295390	2.937794
0.485390	-1.872485
0.665183	-3.097814
-1.182005	-1.832433
-3.044943	-1.000590
-2.048499	2.848943
2.514838	1.524382
0.740181	-0.476135
1.819206	2.670225
2.362511	1.889681
2.013341	-0.395821
-0.019760	0.570479
-0.274266	-3.106676
0.527307	-3.200701
-0.647285	2.784368
-0.320437	-2.180763
2.040421	-0.249902
-1.637837	-1.394928
0.627788	3.052277
-2.959309	0.994310
0.530446	1.661640
-2.882650	1.037713
-0.809375	1.055215
1.120933	-0.336999
-3.127165	-0.901386
2.986081	0.908247
1.725525	2.284212
-1.129695	-2.407382
0.958404	-0.544580
-0.066897	1.612036
-0.524249	-2.025231
-0.784848	-0.144078
-2.380511	-1.443954
0.071740	-2.482879
2.171136	-1.820688
1.607739	-1.141463
-0.113402	-0.796724
1.296475	1.594677
0.157172	1.934941
2.358631	1.987371
-1.018863	0.001176
2.735270	0.620454
-1.708750	-0.913087
2.145902	2.369502
-2.741163	0.144979
-0.368975	-2.933393
-0.465647	-1.227939
-0.695360	0.520188
-2.240390	1.743274
-0.952283	-0.551800
0.660407	-0.562308
2.631072	-1.741408
-2.527585	-0.926350
0.358492	-1.138988
3.309040	0.297013
1.515080	2.513752
1.358548	-1.467805
-1.687163	2.531090
-0.755317	0.897739
1.695855	-1.557191
-1.429012	2.654539
0.765773	0.179386
-1.940614	2.450534
0.936334	-3.148801
1.858812	-0.703471
2.245440	2.617128
-0.114233	-2.669162
1.976966	0.346862
1.173910	-2.912178
0.977058	1.841501
0.123083	2.235603
-2.668573	-0.402642
3.115746	-0.001980
-1.507497	-2.427088
-1.163985	3.149743
-0.772117	-2.006609
1.453751	-1.247017
2.949659	-0.674428
2.870545	-1.379121
0.164526	-3.031638
-1.911696	1.532624
2.998560	-0.669178
-3.055022	0.612170
-2.102513	-0.563323
0.719147	0.753257
-1.444259	-2.456075
-1.780680	-0.579439
2.270047	-1.811427
2.200734	-0.516424
-2.828815	0.921758
-2.099527	2.009316
1.930907	-0.429947
1.442248	2.548877
-1.937945	-0.156022
-1.829245	-0.401807
-3.012203	0.552808
2.661194	0.471556
-1.997589	0.017636
2.105624	2.284863
1.997341	-1.968645
1.574931	0.769797
0.578431	1.851971
1.607189	-1.339141
-2.381453	2.051001
-1.167210	1.071325
0.279550	-2.918104
0.051002	1.871495
0.090994	0.627897
1.822070	2.533345
1.709767	2.380511
1.563970	-0.983136
3.088226	-0.281560
1.355935	2.693036
-2.728161	0.977759
-0.213728	3.049944
1.039157	2.492306
-1.969221	0.867429
-0.904943	0.166372
-0.556790	0.894454
0.357280	-0.761625
0.328280	-2.041716
1.903839	-0.204435
-0.571431	-2.826656
1.056100	0.649952
-1.575237	-1.088508
0.657393	-0.145175
2.443172	1.337445
1.158415	0.711630
0.690556	0.814763
0.003014	-2.944951
-0.373797	-0.884155
2.860584	-0.617811
3.013604	0.363304
-0.300926	1.211039
1.148382	2.906704
1.830977	1.156500
-2.813182	-0.519160
0.225284	3.294824
-0.367427	-1.000193
0.742957	-2.327578
0.701904	1.430799
-2.606037	1.404122
2.033144	-2.265931
1.785151	-0.655473
0.861472	-2.997264
0.802352	0.491510
0.360408	1.928161
0.256288	0.751022
-0.105222	-1.122294
2.473565	-2.111121
-0.905784	-2.637850
-0.190272	-0.931528
-0.710005	1.687394
-2.388146	-1.622416
-3.032405	1.364852
-1.604677	1.141972
-2.274122	2.280893
-2.991734	0.221992
-2.902064	-1.084853
1.048793	2.766486
-2.437479	2.011455
-1.280387	-1.416823
1.483333	2.816978
0.053054	2.721754
-1.595358	-2.376057
2.502435	1.152843
1.090734	-1.332861
0.993529	0.251323
0.543679	1.094672
0.796288	1.812540
-1.872416	0.521050
0.067601	-0.982286
0.732224	-2.740381
-0.425154	-0.659023
-1.153157	1.287697
1.221700	1.083198
-0.917677	-2.927665
2.875511	-0.177295
-0.833896	-0.404221
3.153782	0.694037
-0.433358	0.874981
-2.569966	2.089385
-2.000231	2.426884
1.852263	-1.187670
3.117214	-0.211927
2.373736	1.353801
-3.021680	0.672058
0.297742	2.090818
-0.435099	-2.056165
1.984842	0.493042
2.266595	2.144855
1.739763	1.471670
-1.457612	0.309813
2.838346	1.896698
1.267837	-3.045022
-0.956911	0.360255
-1.333680	2.495816
-0.666422	1.646813
2.541771	1.878705
1.288484	-2.810582
-1.820152	1.383940
-0.905784	-2.637850
0.598111	0.221300
0.739540	-2.284180
2.068751	-0.532312
2.891587	0.124891
2.208690	-1.796181
-3.034270	-0.941223
2.480906	-1.388313
-1.182047	2.549062
1.844330	2.154759
2.305538	-1.864129
-1.069714	2.782971
-0.317997	-0.822953
2.485057	-1.243175
1.443375	1.345825
1.158415	0.711630
-2.804147	-0.940460
-1.905102	2.147227
-2.128243	-2.401808
-1.666075	-0.353345
-2.275882	-1.354278
-1.012134	3.039016
-2.676018	-1.952724
0.304506	-2.240512
-1.546665	1.314162
0.337852	-0.928924
-1.360478	2.610119
-1.744056	1.158867
2.253950	2.237481
-3.025156	0.048135
1.926109	0.881875
-2.096165	-1.925574
-0.835570	-2.772381
0.066953	3.213118
0.369250	0.798030
2.979980	-1.295980
3.341555	-0.925477
0.576334	1.602701
-1.093957	0.018791
1.036841	-0.244249
-0.507758	-2.071913
0.389517	2.700472
0.944420	-0.150679
-1.110318	2.673476
0.013253	-2.076252
-1.945493	-2.213317
-1.050879	-2.555567
0.030417	0.601282
-1.340932	0.822830
1.822070	2.533345
2.215194	1.863225
-2.828713	1.215897
1.734496	-0.467869
1.693737	-2.374825
2.593107	-0.855571
-0.891132	-2.735808
-0.396659	-1.700833
0.225284	3.294824
-1.339068	-3.132288
-0.587296	1.648642
1.075503	-2.719994
-2.359005	-1.608352
1.989136	1.921115
0.158859	0.783860
-3.183659	-0.355930
2.611528	-1.489550
-2.491335	1.753540
-1.436930	2.402248
0.886289	2.658159
-2.036954	1.962239
0.296617	-0.844708
1.946808	-2.593189
-2.998549	0.961998
1.414079	-2.829559
2.869342	0.439895
1.444226	-3.077257
-1.060668	-1.856090
0.387224	1.605264
-0.493458	-0.836791
-0.296414	-1.756830
-2.879871	-0.385667
0.974030	-2.646979
-2.140388	1.007471
-1.517528	-0.902614
2.096582	1.949696
-3.201758	0.183684
-0.076383	-1.815535
1.509369	-1.298468
2.179304	1.602901
1.912418	1.586741
-0.385047	1.205436
-2.591347	0.070833
-2.196752	-2.269302
2.479810	-1.669469
0.506647	-2.869327
-1.188484	2.991516
-1.881064	0.415989
2.998089	-0.879495
2.141036	-2.081144
2.898408	-0.666640
-2.741163	0.144979
-2.617808	1.512490
1.079990	0.326760
-1.655444	-0.586389
-3.183659	-0.355930
-1.280387	-1.416823
-2.112981	0.445238
2.198064	-0.400494
-2.782460	-0.227565
2.826685	-1.647061
-2.054142	0.551807
-2.938561	0.756344
2.575321	1.473168
-0.848733	1.329580
-2.567802	-0.734361
-0.042787	-2.960944
1.509369	-1.298468
0.514912	-1.807009
-1.527780	2.388669
-1.681648	0.556997
-1.535270	1.459237
-2.986843	-0.731195
-1.909071	1.244026
1.462265	2.385524
1.025182	-0.081251
-1.792559	-2.587207
-2.638339	-1.070091
1.233116	-2.934310
-2.758077	-0.304865
-0.723577	0.558601
1.659050	0.395979
0.480581	-2.687116
-1.234931	-2.678581
-0.522513	2.876030
-1.263473	-1.551572
2.531774	0.377425
1.066606	2.677536
1.661603	1.125172
2.078617	2.195993
-2.828176	0.383161
-0.346948	2.230784
-0.625141	-1.236616
-2.364456	-1.683201
1.804066	-0.725367
-0.455285	1.885168
-0.085697	-1.031422
-1.163985	3.149743
-2.907608	-0.411905
-3.444629	-0.616410
3.001627	0.225496
1.336748	-1.405101
-3.021680	0.672058
-1.654844	2.519434
-0.522513	2.876030
-0.369892	-2.979800
1.515105	2.633721
0.335170	0.878352
2.659241	-1.345727
-0.733962	-2.086867
0.354265	-0.750833
1.515105	2.633721
-1.234931	-2.678581
0.819360	-1.615442
-1.169381	1.876937
2.223002	-2.007067
-2.425514	-1.808713
-2.216898	-2.198841
0.767392	1.068180
-2.863925	0.002446
0.077224	-1.891168
-0.875138	0.961750
2.928872	1.642568
2.612271	1.188803
1.580198	2.068002
1.019163	-2.928261
-2.978969	0.620430
-0.100242	-3.000775
0.514912	-1.807009
2.159360	2.118707
0.386623	-2.194733
0.837205	0.257844
-2.221091	-1.877060
-1.234331	2.823999
1.881537	1.698673
1.294542	-2.827544
1.753178	-1.159798
2.151939	-2.194540
-2.985811	1.236220
2.903204	-0.710263
0.903285	0.179721
-3.147258	0.269805
-2.852388	0.904440
-0.645515	1.793253
0.926369	2.788953
1.328709	1.923867
-0.707307	1.998403
2.569314	1.536758
-0.633038	0.757630
2.542841	-1.455222
-0.493458	-0.836791
0.822136	-0.817043
-1.844558	0.781436
-2.247144	-2.106451
-0.180892	-2.138471
-0.702420	0.971339
-0.609524	-0.404795
1.020424	0.186869
0.454002	-2.007555
0.967632	0.569551
0.626893	1.614725
2.266595	2.144855
-1.684799	0.971716
2.803301	-1.088979
-2.576619	1.045202
1.633109	2.659181
1.731539	2.344524
-0.804573	0.271119
3.356185	0.624183
0.319812	1.872434
2.562627	-1.676014
1.057184	-0.261054
0.685914	0.207743
-2.365081	-1.625496
3.000986	-0.356601
1.482450	2.207436
-0.687242	-0.469161
-1.202350	-2.475394
-3.073942	-0.783389
2.702250	-0.827357
2.885082	-1.086674
1.527960	-2.621837
2.732031	1.077860
0.693697	0.615263
-0.853139	2.814135
-1.862494	0.298028
-1.069280	2.612057
-0.680590	0.625779
-0.754154	0.343859
-0.848777	-1.572328
1.050112	2.953912
2.898408	-0.666640
-3.040040	-1.187653
1.225628	-1.953188
2.899139	0.316095
-1.185687	2.944674
-3.141135	-0.206807
-2.491335	1.753540
-1.862494	0.298028
0.936896	-0.084145
0.911971	-2.503229
-1.339068	-3.132288
1.839655	-1.056820
1.004633	2.732477
-1.593810	1.765038
-2.510820	1.440706
-0.122089	-2.241787
-2.981752	0.257598
1.585655	2.483412
2.105178	1.648193
1.848985	0.621151
0.100871	1.159562
-0.675656	0.377026
0.159701	1.788432
-0.069229	1.010116
1.899222	1.040546
-2.860521	-1.412917
-0.127297	-0.475355
1.415078	-1.062181
2.066220	-2.228406
1.328266	1.231847
-1.189770	-1.444647
-1.786539	-2.760047
1.753178	-1.159798
1.075273	1.321784
-2.902064	-1.084853
0.103975	0.699214
2.130954	-2.820678
-0.674945	1.737588
0.324810	-2.844453
3.300436	0.104352
-1.584393	0.767633
1.227518	2.760915
-1.205437	-0.156416
0.137810	-0.747041
-2.530465	-2.046109
2.173688	0.200973
-2.304177	2.244565
2.712614	-1.010668
2.739987	0.219283
-1.183472	-2.881784
2.130954	-2.820678
-0.778175	-1.805507
-1.510011	1.356484
1.936844	0.412009
-1.271620	-2.801599
1.962614	-0.601962
1.815756	-0.211705
-2.028774	-0.336122
-1.457788	-2.489726
-2.418843	-1.802217
-0.241994	2.012632
-2.760356	1.249052
-3.073813	-1.191394
1.173910	-2.912178
-1.938476	0.640032
0.103115	3.253701
2.820014	0.494336
-2.638339	-1.070091
-1.779720	1.955944
1.868188	0.769787
1.701768	2.415489
-2.676750	1.367541
1.373176	2.913850
-0.690647	1.848300
-2.341472	1.320261
-0.394928	2.892956
-0.112249	1.725978
-1.032461	0.316008
0.533228	-3.299868
-0.901008	2.091763
1.788009	0.946369
-0.153724	-2.839974
1.893418	1.157057
1.515080	2.513752
-2.528823	1.882154
-2.442916	-1.937456
-0.581480	-0.680894
-0.408494	1.821028
-0.848836	1.702622
-2.008730	-0.054150
0.661454	-3.045737
1.499041	-0.212107
-2.113250	-1.946693
-0.615514	2.802019
0.079420	-1.901346
-0.746573	-0.609932
-0.847739	-1.986392
-0.875138	0.961750
-1.127074	-0.262585
-0.910970	-1.672888
-1.302215	0.400409
1.633109	2.659181
-1.010286	-1.455204
-1.527780	2.388669
2.843387	-0.582506
1.754731	0.507408
0.733795	-0.897189
1.837525	-2.015056
3.062975	0.726676
0.466827	2.811426
2.061247	0.086149
-2.447077	-1.552412
-0.971884	-0.171392
2.141036	-2.081144
2.042349	-2.334319
1.788009	0.946369
-0.563341	0.620052
0.967272	-1.922804
-0.334168	1.033272
1.706943	1.167844
0.160752	2.948830
2.138270	-0.839788
1.822593	-1.106986
2.055385	-2.215379
-0.460549	-1.233574
-1.738303	2.651236
1.374504	1.899760
0.085607	1.266677
-1.798025	1.450149
0.524980	-1.116496
1.011528	-1.723289
2.838346	1.896698
1.050726	3.090873
-2.029161	0.370274
0.533228	-3.299868
0.002860	-0.969667
1.998218	0.156749
-0.443024	1.994613
-0.266401	2.267335
-3.361893	0.245684
1.946808	-2.593189
-0.373144	0.835833
1.607189	-1.339141
-2.478041	-1.999657
2.128729	0.367052
-2.148454	0.312500
1.405258	1.179373
-0.850538	1.785052
-1.690707	-2.347289
2.297992	2.118431
2.340401	-2.062845
2.845366	0.505437
1.439584	1.380755
2.838197	-1.395100
1.620634	-0.784881
-1.865577	0.958387
0.265290	0.720705
-2.995231	1.029432
2.234200	1.663992
-0.626922	2.756499
2.023458	-2.657643
-1.192417	1.395311
-2.662811	0.322803
-2.979896	0.198954
-0.115274	2.653352
-1.499374	-1.297712
-0.854489	1.605628
3.035992	0.415576
0.699177	2.853371
-0.432431	3.310277
-2.414469	-1.478906
-1.567825	-2.503462
-1.253727	1.234471
-0.742774	0.493950
-0.645515	1.793253
2.124402	-1.863251
0.292521	-1.178836
-2.005590	2.195938
-1.864230	0.278911
1.858812	-0.703471
-0.594575	3.212392
-0.455285	1.885168
-2.547508	1.466204
2.525978	-0.383219
1.858159	1.068273
-3.141135	-0.206807
-2.855754	-1.536233
-1.604264	1.087876
2.712614	-1.010668
2.994760	0.591916
-0.096796	-2.919615
-1.143138	-1.520367
1.426178	2.650781
-0.098426	-1.722114
-0.718561	-0.728040
0.780147	2.990649
2.703652	0.253684
-0.356469	-2.801013
-1.048545	-0.035957
-2.281468	2.268271
0.699177	2.853371
0.528522	2.109440
-0.827489	-0.024433
-1.143138	-1.520367
-1.057326	0.716895
-2.161205	-1.578381
-2.950586	0.466301
0.519534	3.010192
0.471953	2.357374
2.514838	1.524382
0.903182	-2.130139
-1.407355	2.541726
0.077224	-1.891168
1.917594	2.322818
0.844986	-2.759966
3.205728	-0.613385
-0.633866	-1.892787
1.442248	2.548877
1.336748	-1.405101
-0.780456	-0.537593
0.088794	2.030114
-2.780700	-0.576610
-1.598262	-2.381418
1.551292	2.549544
-2.879369	-0.879429
-2.685345	-1.676749
2.361782	-2.181497
-1.179350	2.646692
2.068461	-1.702823
0.734320	3.383657
-3.021366	-0.858149
-0.638829	2.912000
0.406452	2.730262
0.946483	-0.159965
-0.140225	-1.448982
0.648949	0.456494
-2.919853	-0.263066
2.046835	0.611839
-1.629155	-0.826898
-2.114258	-2.508996
0.788456	-0.613753
1.858472	-2.091070
-0.387284	0.756200
1.728457	-2.676499
-2.688171	-0.770207
-0.101039	-3.074706
1.037519	0.104039
-0.444926	2.947189
-3.055037	-0.647574
-2.047568	-0.953741
-2.466992	-1.112291
2.392374	1.988373
-2.277718	-0.011728
0.641029	-2.155221
-2.047568	-0.953741
1.292725	2.684307
3.309325	0.531153
0.646798	1.460939
1.200329	0.009747
-0.066897	1.612036
-1.199424	3.022481
1.014014	1.367149
-0.720115	1.617525
-1.018490	-0.044582
-1.865577	0.958387
1.481298	2.226069
-0.149329	-2.989707
-0.010939	-2.304833
-2.447077	-1.552412
-0.864629	-2.875636
0.099630	-1.939383
2.270047	-1.811427
-2.772789	-0.610983
-1.450189	1.641576
-1.498693	1.172367
-0.627878	-2.362062
-2.216753	-2.030517
-0.959820	-1.730080
0.892129	-0.103209
0.036657	-0.859695
0.441569	2.944743
-0.474688	1.869077
-2.984565	-0.753149
2.441075	-2.137395
-2.739017	-1.518016
0.012738	1.900341
-0.381542	1.051153
-1.080469	-1.277425
0.267849	-1.908506
-2.516085	1.473518
-1.940614	2.450534
2.849730	0.866401
-0.770209	1.011573
0.025521	-2.815466
-0.425158	2.263432
2.421398	1.542186
-1.751055	-2.681551
2.236473	-1.828456
-2.780700	-0.576610
-1.149806	-1.836201
-0.568495	0.721016
-1.720596	1.459012
-3.201758	0.183684
0.298173	-0.889186
-2.564970	-0.813035
2.621417	-1.510222
0.221121	-0.759860
2.461162	2.252129
2.556712	2.044546
0.749607	0.477945
-0.911888	2.953804
2.210330	1.819612
-2.114258	-2.508996
-0.849702	-0.237398
0.037138	2.106816
-3.127165	-0.901386
1.765893	-0.861021
0.358708	2.880382
-1.116723	-1.415249
-2.944445	0.783093
2.165235	2.004156
2.003848	2.501036
0.955896	-0.372046
2.812940	-1.616501
2.000658	2.513582
-3.212253	-1.004798
2.042349	-2.334319
-2.473270	-2.111460
2.189224	-1.741408
-2.853537	-0.389203
2.132973	0.167032
-3.087686	0.057511
-1.838080	-0.049477
2.086874	-1.746570
1.431259	0.930346
-2.030248	0.823168
-2.655381	-1.237511
0.931358	2.685459
-1.405402	1.770603
-2.801410	0.772600
2.319688	1.919369
2.377034	1.682783
-2.872529	-1.508490
-2.491335	1.753540
2.962358	0.398603
-1.855518	1.062952
-1.488863	-2.152946
-1.539448	1.233234
-2.631419	1.866382
-0.387281	-2.193625
1.408964	2.693063
-3.044331	0.322671
0.446579	0.585566
-2.845541	1.181600
0.251266	0.982162
-1.019981	-2.608764
-1.281729	-2.610845
2.377223	-2.083789
2.674562	1.976538
-2.404306	-1.075709
1.667246	-0.397236
0.794421	0.614924
1.157579	1.463347
-3.026604	-0.109916
0.101343	-2.063522
0.722484	-1.853683
-0.448745	3.059110
-0.780456	-0.537593
0.977058	1.841501
1.910569	0.351683
0.903285	0.179721
0.387079	-0.156359
0.780147	2.990649
-0.933536	1.874863
2.058851	0.740395
3.182495	1.194901
2.949659	-0.674428
2.305538	-1.864129
-3.152957	0.130097
-2.813182	-0.519160
-2.997473	-0.877641
-0.845256	-3.254664
-1.772783	0.996851
-1.338788	-1.392505
-0.267919	-0.845080
0.092903	2.826884
-1.499374	-1.297712
0.063996	2.941540
1.929253	2.073597
1.674388	1.201218
-2.466992	-1.112291
-2.035534	0.057376
0.796288	1.812540
-0.482619	-1.919577
0.331739	1.193706
-3.026604	-0.109916
-3.151031	-0.436620
2.852666	-1.398166
-2.096139	-0.907945
0.034383	-3.309164
-0.978012	-3.097448
0.819360	-1.615442
-0.632358	-0.722157
0.279550	-2.918104
-0.734783	2.850822
1.570104	-2.332752
1.163724	-0.585687
0.007905	1.711333
-2.779146	1.217926
-1.866904	-0.324208
0.051102	-0.646662
-0.779428	-2.853305
2.070998	-2.449479
-2.510820	1.440706
1.858812	-0.703471
-2.576333	-1.099953
0.741784	-0.409200
-2.872529	-1.508490
-2.430473	2.058518
-1.488863	-2.152946
-0.853139	2.814135
1.603822	1.435220
-0.854198	0.560738
-3.152957	0.130097
-1.205284	1.415160
1.237157	2.845031
2.171136	-1.820688
0.485390	-1.872485
-3.089108	-0.609337
-2.729790	1.395458
0.690556	0.814763
1.883456	-1.002410
-2.101936	-1.919486
1.439772	-1.413643
-1.205437	-0.156416
-1.632501	2.563679
-0.938094	-3.166596
0.911971	-2.503229
0.659497	2.122937
-0.897161	1.959380
-1.002237	2.616069
-0.236012	-0.696939
1.046849	-1.084651
-0.633866	-1.892787
-1.054157	-1.854097
-1.977710	2.291366
0.485644	1.152531
1.664925	-0.191591
2.901364	-0.675760
-0.933741	1.633489
1.883456	-1.002410
2.062743	-2.272202
-0.443024	1.994613
-0.021350	1.786246
-1.508719	-1.168765
-1.663563	-1.412247
-2.035840	2.219142
-2.418843	-1.802217
-2.420903	-2.051561
-1.422296	1.321158
1.923161	0.314499
1.953190	-0.224318
3.125751	-0.261447
0.657393	-0.145175
2.465695	-1.443204
0.611042	0.500724
-0.354293	1.220269
2.889952	-1.207754
3.101571	1.250220
0.769461	-0.290833
2.043331	0.922612
-0.780388	-0.925355
2.066914	-2.062780
1.146329	-1.967213
1.951177	-0.683218
2.148594	0.500706
0.483593	1.930337
-3.068408	-0.042512
-0.151845	0.669836
1.858159	1.068273
1.898419	-0.087421
-2.233988	0.933918
1.148382	2.906704
-1.734086	-0.716745
-0.483712	2.205754
-1.703057	-1.035191
2.953542	0.688877
0.314765	-0.910989
0.822136	-0.817043
1.261825	-1.121428
1.158415	0.711630
-2.637838	-1.474154
0.712578	0.473042
2.540022	1.232574
-1.924255	-0.485464
-2.606025	-1.090372
1.229589	0.083398
-2.376802	-1.212523
2.009632	-1.574742
-0.103622	-1.942391
-2.938561	0.756344
1.071662	-2.588374
-0.153748	-3.053321
1.664925	-0.191591
0.555166	1.664709
0.204913	-3.246568
-1.886281	-2.188741
1.149676	2.279284
-1.760699	-0.981843
0.758762	-3.114110
0.175341	1.893378
0.776763	-1.763484
-1.116723	-1.415249
0.333259	1.309626
-1.826553	-0.438148
0.417792	2.208448
0.318615	-3.121797
0.959287	-2.916318
0.837005	0.401785
2.597182	1.622564
-0.565598	-1.523924
-1.732201	2.693805
-1.793938	0.730540
0.189163	1.178016
3.141056	0.787323
-0.878847	1.468026
-0.198687	-3.073173
-2.910866	0.253376
-0.448846	-2.895360
0.675877	0.486475
-2.304177	2.244565
1.410321	2.407808
-0.851296	2.783783
-0.002114	2.901202
2.797369	0.455491
2.266595	2.144855
-0.779428	-2.853305
-0.114233	-2.669162
-2.233988	0.933918
1.171215	-0.249917
-2.017392	-2.546349
-2.907608	-0.411905
2.044004	0.816190
-1.973279	2.158766
-0.002114	2.901202
-1.621197	-1.534012
0.220559	1.268997
1.953190	-0.224318
1.789089	-0.486912
1.476819	-0.892370
-2.988564	1.328391
1.963703	2.624726
-1.429094	-2.431075
-2.420903	-2.051561
3.356185	0.624183
-0.291998	-3.027886
-2.378775	-1.521832
-3.141135	-0.206807
-1.288563	-3.006682
-2.864404	0.965166
0.605081	2.790419
0.659835	2.626637
-1.834688	-2.541640
3.125256	1.138966
2.630073	-0.847009
3.061654	1.040685
0.173536	-2.757726
-2.846444	1.275389
-1.772783	0.996851
-1.330869	2.624144
0.052629	2.946810
2.534557	-1.084976
-0.081641	1.063995
-0.221565	-3.294327
-2.018227	0.630882
-2.910657	0.644452
-0.379173	-1.751328
-0.877638	2.051756
0.763256	-0.790981
0.936896	-0.084145
-2.722557	-0.036564
-0.807973	-0.963434
0.328280	-2.041716
-1.784184	-2.243405
-1.558059	1.470190
0.407120	1.085697
-0.811642	3.175273
0.710441	0.613079
-2.863925	0.002446
-2.449545	-1.460940
-1.755268	1.191864
1.922858	0.645762
3.234505	0.070807
-2.425514	-1.808713
0.392262	-2.924650
-1.970435	-2.494784
2.852666	-1.398166
-1.073093	-0.110139
-1.634825	2.403430
2.285341	-1.959144
0.115498	3.029377
1.304845	1.596115
1.428177	2.269460
-2.113570	1.830786
-0.887438	0.526848
-1.209411	2.943824
-1.649197	-2.688208
-0.338408	-0.972000
-1.448303	-2.490981
-2.898826	1.652776
2.167072	1.968715
-0.271017	-3.031585
2.323099	2.480106
-0.004048	2.946819
-0.557631	-2.953203
-2.017547	-0.481180
-0.439761	-3.120631
-1.798025	1.450149
0.064752	-2.146929
-0.769952	-2.983209
-1.693649	1.121594
-0.454441	-0.874688
-1.217389	-1.628934
-2.948435	-1.170330
2.721289	-1.310676
2.735270	0.620454
-3.183659	-0.355930
0.639430	2.936490
-1.977876	0.158587
-1.129695	-2.407382
-0.771500	2.065781
2.068500	-2.383123
-3.002831	0.091845
-0.994919	1.945246
-2.215962	2.064528
0.461267	2.421083
1.088254	-2.960948
-0.742461	0.221183
1.261636	-2.578394
1.392328	2.443733
2.161452	1.834390
-1.966270	0.038043
2.902270	0.151219
-2.828713	1.215897
-1.444938	1.165681
-0.568495	0.721016
-0.744344	-1.760517
-0.122089	-2.241787
0.683698	3.013210
2.289299	-1.571228
-1.302215	0.400409
0.830604	0.109395
-1.617518	2.824199
2.605919	-1.518854
1.490856	0.002744
-2.781719	-0.355546
-3.313182	0.382006
0.831992	-3.154803
-1.605300	-2.643883
-0.708847	-2.809464
-0.202569	-1.589544
-0.157620	1.018772
1.117939	-2.609311
0.861957	-0.691371
0.221285	-1.874501
0.873550	-3.002144
-2.633132	-1.621511
-1.655301	-1.243303
-1.556889	1.319193
0.993835	-3.066905
0.993835	-3.066905
0.950217	0.654719
0.898515	1.804037
2.179304	1.602901
-2.111577	2.119103
-0.091097	2.006101
-0.985548	1.585606
-2.676018	-1.952724
-0.796289	-1.692655
-0.091544	-2.886250
2.998560	-0.669178
0.734662	1.827686
-0.120323	1.067003
-1.978143	1.911497
1.565261	2.373668
-2.953456	-1.178317
-0.651947	0.917066
-2.576619	1.045202
1.506578	1.117093
-1.281729	-2.610845
-1.016145	1.541492
1.063387	1.778738
0.245739	-1.831943
0.416503	3.401612
-3.285349	-0.240873
0.451572	0.902677
-0.023141	-3.273485
1.296475	1.594677
-0.226405	-2.956458
1.224290	-2.943933
-1.451200	2.701900
1.258196	1.754007
-2.536966	-1.252670
0.251754	3.131956
-1.240605	2.728446
-0.690647	1.848300
1.405258	1.179373
-1.693649	1.121594
-1.840348	0.959905
-0.755070	0.530350
0.423485	-1.830307
-2.516234	1.436178
-3.052120	0.185565
1.688069	-1.255473
-0.897563	2.271569
1.181599	1.876616
-1.265366	2.413134
-0.104101	0.957499
0.454532	-1.030105
-1.186936	-2.887038
3.007685	1.364872
-0.317997	-0.822953
1.648565	0.415015
0.223242	-0.784357
1.989136	1.921115
0.444559	-1.778454
-1.896197	0.532385
1.437766	2.567592
2.660393	1.680679
2.035106	0.342467
1.999667	0.205559
-0.113402	-0.796724
-1.806214	1.507577
-1.205884	2.654840
0.125398	-1.048151
-2.345399	1.520381
2.738169	-0.630617
-2.848754	1.187036
-0.282751	2.099276
2.739987	0.219283
2.890406	0.475697
1.756506	-0.003145
-0.411122	1.927439
-0.315496	1.105337
-0.854198	0.560738
-3.246342	-0.720822
-1.939921	-0.777728
-0.188368	0.953013
-0.794822	-1.830312
-2.970938	-0.011201
0.455288	-1.883351
1.635258	1.264453
0.837005	0.401785
-0.731453	-0.750868
-2.491335	1.753540
-0.249968	2.227074
1.731539	2.344524
-1.681842	-0.008560
-0.387512	0.967314
2.510591	1.445710
2.625553	1.103142
-2.780700	-0.576610
-0.221924	1.874969
2.384288	2.160817
1.301721	-1.752026
0.050068	3.262828
2.428365	-1.335574
0.861472	-2.997264
0.181233	3.258984
-0.083957	-0.868456
2.982264	-0.338371
-1.765839	2.474053
-0.095427	0.930677
-0.299653	2.183827
-1.628944	-1.603347
0.727243	-0.625284
1.599326	-2.216611
-1.344664	2.546781
-0.938094	-3.166596
-3.217124	-0.959553
-1.946564	-0.583552
-1.070280	1.659427
0.053054	2.721754
-3.141135	-0.206807
1.430123	-2.711714
-1.474639	-0.736283
-1.889950	-2.252778
-0.854489	1.605628
-0.220401	0.984804
1.788009	0.946369
-1.070854	-1.336857
0.903182	-2.130139
-1.172845	2.852419
-2.111577	2.119103
1.283624	-2.858111
-1.284157	1.284092
2.601858	-0.913787
-0.885371	-0.178232
-2.772789	-0.610983
1.146329	-1.967213
2.889952	-1.207754
-2.870550	-0.300297
0.272983	-0.990971
2.068500	-2.383123
2.315420	-1.722429
-2.018307	2.516802
-2.654797	-0.305422
-0.137724	-3.195470
0.722484	-1.853683
2.843387	-0.582506
0.534153	0.731013
0.530446	1.661640
-2.555744	-0.915596
-0.373797	-0.884155
2.611528	-1.489550
-0.919288	2.881025
-1.918297	-2.361972
-0.532555	3.043007
2.234149	-1.074445
2.852666	-1.398166
0.646329	-2.880960
-0.702420	0.971339
0.892737	0.221055
-3.023394	-0.370752
2.002513	-1.066833
-0.233516	-1.932831
-2.078060	-1.628268
-2.859404	0.621901
2.738169	-0.630617
0.709509	-2.883840
-2.338387	-1.831259
-2.828176	0.383161
-2.429484	-1.228512
1.158415	0.711630
1.989064	-1.109839
1.576735	-0.617858
-2.655381	-1.237511
0.836643	0.272689
-0.674945	1.737588
2.114908	-0.646670
-3.084264	0.871503
-0.790600	2.734581
0.524180	-2.169479
-1.684799	0.971716
-0.073037	1.195260
2.363036	1.117286
-2.176475	0.099709
0.197109	1.917789
-2.812883	-0.823957
-3.269879	0.188842
-3.082667	-1.304307
-3.135435	0.356634
-1.831528	-0.454762
1.655619	0.937754
2.113956	0.299913
-1.593810	1.765038
1.634470	0.691747
-0.073290	-2.965737
-1.604264	1.087876
1.174541	2.728938
-1.479748	2.189021
0.600379	2.768072
0.974451	-1.742552
-1.046244	1.786481
2.017395	0.581840
-1.506030	-1.417915
-1.143823	1.397584
-2.753064	0.681691
-0.989026	1.163260
0.305364	-2.030174
2.152336	0.161112
-0.716031	2.979061
0.147577	-3.098445
0.627634	0.940539
0.272983	-0.990971
2.158909	-2.223260
-1.314037	-0.984520
-2.821006	-0.197627
-1.430628	-1.640095
-0.797371	2.019173
-1.427505	-1.107812
-1.744938	2.316288
2.444825	2.374748
-1.684799	0.971716
1.214428	-1.633736
0.838485	2.393958
-2.686311	-1.030150
0.207301	1.820075
-0.496250	3.281923
0.016903	0.929248
0.050270	-3.098807
1.684590	2.378865
-0.000846	1.226412
-2.440004	1.165151
0.554795	-2.010534
2.479810	-1.669469
-2.845126	0.025163
1.360287	1.160584
1.495324	-2.597150
0.187661	2.022940
-2.882650	1.037713
-1.540020	-2.170636
0.485390	-1.872485
1.687177	-0.854149
1.504562	1.223840
-0.286790	-2.159164
0.877462	2.348012
-1.681648	0.556997
-1.034962	0.550839
-1.855518	1.062952
-2.924685	0.536153
1.975399	2.279624
0.898515	1.804037
1.408413	-1.263739
0.949595	-0.404633
2.129838	-0.110650
0.451236	1.771938
2.619068	1.137876
1.287598	1.809347
1.038912	2.018434
-1.816618	-0.330422
0.936896	-0.084145
-0.716467	0.385542
3.027328	0.753126
-3.136949	-0.393050
-1.748655	-0.587217
1.565261	2.373668
-2.160301	-2.452406
-2.028774	-0.336122
1.284277	1.497795
-1.034962	0.550839
1.753498	-2.456908
0.527307	-3.200701
2.504619	1.971570
2.042349	-2.334319
-2.080712	-2.168689
-1.932822	0.669486
-0.350753	-3.206084
-2.617808	1.512490
0.626755	2.066281
-0.334168	1.033272
-0.398786	2.012828
2.480906	-1.388313
-0.565115	2.954341
1.261825	-1.121428
0.514748	1.843063
-0.674945	1.737588
-0.794822	-1.830312
-1.840872	-0.694962
-0.778175	-1.805507
-1.228252	-3.108847
2.188973	-0.000577
-3.201758	0.183684
3.102526	0.816743
0.735454	-0.586857
-0.926168	-0.390710
-0.807513	-2.035621
0.968321	1.652006
0.738099	-1.738001
1.380757	1.343189
0.092903	2.826884
-2.474227	0.829924
-0.493458	-0.836791
-2.625869	1.422809
1.522211	-2.606913
-1.969982	2.643389
0.519534	3.010192
-0.804573	0.271119
-1.900126	2.399235
-0.966444	-2.981204
-2.979876	-0.798591
-2.955149	-0.334110
0.253137	1.909011
-1.672085	1.128985
-1.716304	2.146541
-1.234331	2.823999
-0.091665	-1.819308
1.266456	-2.803067
1.664925	-0.191591
-1.828091	-0.357576
1.165510	1.329737
-2.062188	-2.010925
1.549381	2.160089
0.453041	2.974136
-1.444259	-2.456075
-1.896330	0.654284
-2.197684	-0.264142
1.353847	-2.501527
-2.536375	-1.249389
3.174259	-0.286846
0.555988	2.205968
-1.009416	-3.014891
-1.905102	2.147227
-0.824171	2.989663
-1.786539	-2.760047
-2.073852	1.843556
0.749607	0.477945
-3.052120	0.185565
1.731342	1.064536
2.575064	-1.177541
-1.521504	-0.481013
-2.355372	1.916078
-2.501742	1.290218
0.598111	0.221300
0.168546	-0.372792
0.375297	-2.968243
2.535203	-0.117154
1.097388	-3.379960
1.995879	-0.310512
0.982476	2.534722
2.669509	1.279662
1.283667	-2.624138
-0.963668	0.029474
-1.584393	0.767633
1.291167	2.470790
0.109477	1.927089
2.078617	2.195993
1.910138	0.122662
-3.032393	0.517470
-2.845126	0.025163
1.861432	-2.423608
2.039981	-0.783936
-2.238547	1.485182
-2.742359	-0.921200
-0.653964	-1.765953
-1.710001	-1.987327
-0.742774	0.493950
-0.913328	0.670764
-2.645616	1.280305
-1.421428	-1.157832
-3.127199	-1.095075
-2.740057	-1.335694
2.623903	1.981748
0.924085	-0.189022
-1.413798	-1.194922
1.715350	-0.159700
-2.955309	1.015585
-0.514116	-1.099719
-0.927125	0.070624
1.593146	-0.309679
-1.259443	1.702193
-0.841358	-2.829138
-1.460969	1.295722
-0.901008	2.091763
-1.715667	-2.164032
0.679487	-1.470509
-0.633866	-1.892787
-2.763950	-1.265159
-0.274543	-2.203011
-1.741660	-0.452420
0.682473	0.740426
-0.213728	3.049944
0.148955	2.624363
-1.666805	2.269547
-0.636923	0.680816
1.606278	2.288221
1.516578	-1.606310
-1.419034	-2.572453
-0.115274	2.653352
-2.528823	1.882154
-0.645370	2.035597
0.591508	-0.964804
-2.029747	2.367972
0.085607	1.266677
-1.122779	1.487902
1.701768	2.415489
2.776969	-1.426407
-0.188368	0.953013
-2.844161	0.851424
-0.594575	3.212392
0.230548	-0.872510
2.061247	0.086149
-2.798851	-1.002097
2.288601	2.331481
1.035876	2.769797
1.317401	2.858406
-1.898414	-2.508080
1.339624	0.839299
1.945219	0.226341
2.757144	1.301137
2.164500	-0.014077
2.712614	-1.010668
0.077542	2.857516
2.567523	-1.687204
-2.580004	1.825105
-1.169381	1.876937
2.982264	-0.338371
-1.408499	-0.708382
1.746313	-2.208444
2.306663	1.809742
-0.991883	-1.650866
-1.496306	0.247220
3.051735	1.308914
-1.172845	2.852419
1.224290	-2.943933
0.449580	1.021308
-0.081641	1.063995
-0.433358	0.874981
-0.754078	2.872710
-3.023817	0.105671
-2.423593	2.276635
-3.533627	0.140077
-1.660077	-1.268876
0.520313	1.936324
1.042324	1.421393
2.864158	0.044347
2.969640	0.620915
-0.075531	-0.978545
0.903182	-2.130139
1.676630	1.360892
-1.223888	-2.518979
2.486079	1.456361
-2.957706	0.874487
0.544646	0.539882
1.355935	2.693036
1.070964	3.026901
-2.037243	2.357520
-1.818864	0.501773
0.796892	2.984620
1.481004	1.627194
2.741558	1.744511
-2.111577	2.119103
-0.435099	-2.056165
2.170871	-2.374314
-1.463242	-1.433469
3.174259	-0.286846
-0.057120	2.202020
-2.432074	-1.879181
-0.607382	2.875651
-3.073942	-0.783389
1.669884	-0.377730
-0.075049	-0.937640
0.493898	1.173414
1.752594	-2.030450
0.247866	2.037043
-2.176475	0.099709
1.200329	0.009747
-3.076423	-0.586899
2.025683	2.031544
-0.294398	-1.940262
0.931358	2.685459
2.600452	-0.761632
-3.073327	-0.417882
-2.660817	-1.501680
0.205820	-3.031275
0.802352	0.491510
0.142640	2.711439
-1.861830	2.565503
-0.131304	-1.820038
-1.684987	2.579963
-0.153748	-3.053321
-3.416218	-0.774590
-0.754732	0.536233
-1.479951	2.616720
-2.784558	0.176846
-0.853139	2.814135
0.279550	-2.918104
1.108234	2.797440
2.492347	-1.743045
1.331645	2.381499
-0.893548	2.567150
2.220922	0.313166
0.168223	2.077589
-0.637502	2.854741
-0.690962	-1.091196
-0.205863	0.961656
2.200734	-0.516424
1.673815	0.907584
0.085607	1.266677
-1.963527	0.774460
1.766557	-0.823742
-0.703969	0.148649
0.460772	1.591119
-1.433131	0.400092
-1.265366	2.413134
1.669884	-0.377730
-1.119000	-2.766130
1.146329	-1.967213
-1.250743	2.814951
1.782519	0.704301
1.725525	2.284212
-0.014033	3.432903
-0.806948	1.595619
-0.617841	-2.137802
0.022724	2.810127
-0.905366	-2.600537
3.045484	0.672517
2.705921	1.905748
2.032056	-0.509458
0.160752	2.948830
1.257935	-2.676209
0.646798	1.460939
2.306663	1.809742
-0.436841	-0.569979
-0.148913	-1.877300
0.249156	-0.724627
0.207932	2.101046
0.395081	2.023916
2.949659	-0.674428
0.416503	3.401612
-1.095151	-2.849763
1.810924	1.082749
0.499319	-1.863991
-2.721863	-1.167835
0.626755	2.066281
1.011528	-1.723289
-0.779428	-2.853305
-2.420903	-2.051561
-2.051660	-2.056514
2.358694	1.249079
-0.690647	1.848300
-2.442916	-1.937456
1.893332	-0.503730
2.723658	0.213661
-0.600998	3.549432
0.829553	1.517361
-2.256978	-0.447698
2.656170	-1.159800
-2.048499	2.848943
-1.710001	-1.987327
2.754407	-0.819350
-0.117343	2.898190
2.040421	-0.249902
-2.435536	-1.552406
-2.634522	1.513012
-0.136528	-0.575345
-0.893429	-0.674254
2.892847	-0.521853
0.127590	-0.704170
1.004005	-0.489128
1.146498	1.831441
-2.276985	-2.049702
0.842692	0.437449
-2.735260	-0.862377
-2.233004	-2.122740
1.862127	2.752198
2.253950	2.237481
2.357946	-1.685676
0.675877	0.486475
-0.138613	2.198044
2.104809	-0.221756
-2.685345	-1.676749
-0.642129	2.561409
-0.411122	1.927439
2.892847	-0.521853
0.901642	0.107691
-1.605300	-2.643883
-1.560264	-1.441706
1.527614	-2.680252
1.630469	-0.425937
1.171221	2.991855
-0.229831	-3.153392
-0.286572	-2.050435
3.187667	-1.267797
-0.797371	2.019173
-0.996839	0.075255
0.864025	1.849183
-2.969143	0.459771
-1.843991	-1.116280
-2.448659	0.438634
0.987008	0.795305
1.171221	2.991855
2.926591	1.418407
-3.124525	-0.807766
-1.189419	-2.724189
0.444559	-1.778454
2.326349	-1.765867
0.447922	3.254957
2.854363	1.090113
0.920838	0.241824
-0.192485	-0.904881
-1.623362	1.327029
0.296360	0.912325
-2.957706	0.874487
-0.636699	-3.081067
-0.429610	0.736823
1.886265	0.596170
-1.052516	-2.855192
-3.258410	0.070572
1.725328	-1.220466
-1.625761	1.448604
2.243201	1.609399
2.575064	-1.177541
-2.879369	-0.879429
-1.166004	-1.286565
-0.484938	1.686357
-0.600998	3.549432
-3.062953	-0.088215
1.946808	-2.593189
-1.400602	1.488153
-2.380509	1.855015
0.204913	-3.246568
0.367665	0.766363
-1.660077	-1.268876
0.304506	-2.240512
-2.127552	-1.626153
0.387079	-0.156359
-0.933536	1.874863
-1.189770	-1.444647
-0.756749	-2.739242
-1.147728	-0.072069
2.474875	0.875590
1.075503	-2.719994
0.502543	0.885316
1.362541	1.454236
-0.435099	-2.056165
-0.053886	-1.086253
0.967952	-2.810101
0.002860	-0.969667
-1.192417	1.395311
2.190751	-0.482505
2.406879	-0.670312
-2.074561	-2.266678
-2.055761	0.329812
1.454615	-2.195560
2.121465	-0.362873
-2.802203	-0.910685
1.945219	0.226341
-1.287935	1.285938
-1.969982	2.643389
-2.943535	-0.891709
-0.652071	0.673127
-0.044199	-2.330622
-1.228252	-3.108847
-1.724874	-0.194251
0.828487	0.687708
-0.302807	1.009104
-0.315945	0.690830
1.443375	1.345825
-0.385820	2.141866
-1.760699	-0.981843
0.917659	1.401587
1.485534	-1.412106
0.414380	-1.042654
2.167072	1.968715
-2.134330	2.541994
0.137810	-0.747041
1.237157	2.845031
-0.754154	0.343859
1.964872	0.255297
0.050854	1.076606
-0.695351	-2.095049
-0.342832	0.752845
0.917659	1.401587
0.963241	0.267843
3.002213	0.147933
-1.655552	-1.033576
3.204781	-0.145059
1.114348	-0.263359
-2.147760	1.179547
-1.025469	-1.761712
-3.025233	-0.073895
0.672440	0.931301
0.079420	-1.901346
-1.116106	-2.919347
1.902222	0.457064
2.541771	1.878705
-0.278789	1.119973
-2.989184	-1.012064
2.079908	0.137885
-0.243464	-0.576991
2.838197	-1.395100
-2.113250	-1.946693
-2.697456	-0.493927
-1.521504	-0.481013
1.852263	-1.187670
-2.906152	0.052537
-0.689896	1.927323
0.668633	0.805158
2.128729	0.367052
2.322544	0.416212
0.415547	-1.806008
2.078849	0.350353
-0.215344	-1.772978
-1.479951	2.616720
-3.201758	0.183684
-2.514343	1.633549
-2.723096	1.419418
-0.127297	-0.475355
-1.284157	1.284092
2.562627	-1.676014
0.454002	-2.007555
2.091541	0.111639
0.756015	2.720334
0.446211	1.665551
2.723248	-1.607165
2.441075	-2.137395
-1.497244	-2.639371
-3.003448	0.085761
2.710547	0.987130
0.401128	-1.893240
-1.792559	-2.587207
1.227964	1.322275
0.724466	-1.769668
0.730886	-0.347820
2.447063	1.503436
0.555166	1.664709
-2.358025	0.039598
-0.292106	0.677264
1.518831	-1.359743
2.531974	-1.372611
-2.002810	-2.256436
-0.155956	-3.070112
0.339533	-0.896695
-2.032022	-2.236421
1.936844	0.412009
-1.669023	2.383038
0.837005	0.401785
2.406879	-0.670312
1.800131	-2.519064
-1.863316	0.857005
-2.331475	-1.243494
-2.086677	2.605641
1.928888	0.783440
1.017324	-0.246383
-1.515289	-0.144605
-1.024118	-3.095618
0.650319	-2.922028
-2.989184	-1.012064
-2.364456	-1.683201
-2.991734	0.221992
-0.716031	2.979061
1.227859	1.583105
2.188331	-1.828609
2.531774	0.377425
1.686069	0.392288
-2.918248	-1.061249
-0.754078	2.872710
-3.084264	0.871503
2.032925	0.886311
-2.423593	2.276635
-2.035840	2.219142
-0.387512	0.967314
2.450768	1.678591
0.858308	-1.910598
-1.782719	-2.313570
-2.724478	-1.313560
-0.990862	0.063235
0.982270	-0.242008
2.632063	-1.463070
1.381236	-1.065179
1.270562	-1.613476
-2.631419	1.866382
-0.015613	0.825411
1.439772	-1.413643
0.368472	-2.816560
-3.047119	-0.966572
0.090994	0.627897
-0.992803	-0.491147
0.251754	3.131956
1.719885	-0.935454
-0.221388	0.486951
0.292521	-1.178836
1.948048	0.456973
-1.436930	2.402248
0.095852	-1.112765
1.171221	2.991855
1.635258	1.264453
2.803301	-1.088979
0.780147	2.990649
-1.018863	0.001176
-0.537809	-2.025937
2.781431	0.874063
-0.117895	-1.980891
0.367665	0.766363
1.725328	-1.220466
-0.425154	-0.659023
-1.264620	2.860065
-0.522513	2.876030
-2.763950	-1.265159
0.885817	2.781440
-0.133727	-3.074593
0.951739	-1.646383
3.288325	0.002806
1.936844	0.412009
0.298173	-0.889186
-1.932608	-0.853555
0.911971	-2.503229
-0.212699	-0.846289
1.108424	-3.084110
0.099630	-1.939383
1.119765	-2.721602
-1.463242	-1.433469
-2.645386	-1.972517
0.817074	0.519596
-2.000231	2.426884
1.690065	-1.472371
2.220124	-2.153869
1.940476	-1.094890
-0.878615	-1.688956
0.035769	-2.864340
2.723248	-1.607165
1.319333	1.135822
3.055338	-0.720487
-2.099441	-2.117218
-3.192797	-0.143322
-1.835399	-2.481713
-1.979662	-0.091618
2.660393	1.680679
-0.286572	-2.050435
-2.143173	-1.934274
0.942217	-0.171340
1.855241	-2.753474
-0.848733	1.329580
0.409973	2.083346
-2.485095	1.563897
1.844330	2.154759
-0.848836	1.702622
-0.629335	3.192204
2.507629	-1.109668
1.895971	1.722724
-1.244469	-1.745684
0.316763	2.980189
-2.416298	-1.969489
-0.754732	0.536233
-2.239263	2.319298
0.986310	-2.936242
-2.218963	-2.586730
-1.746453	0.494665
2.125684	-0.500088
0.946483	-0.159965
0.869111	-0.455406
-2.938561	0.756344
-0.742031	2.801682
-1.415109	-2.408852
0.764776	-1.946605
1.117939	-2.609311
-1.767283	-0.394357
-2.548895	-1.923773
-0.837391	-0.554612
0.814165	2.000465
-0.212699	-0.846289
-0.241994	2.012632
-0.272978	0.891287
1.377928	-1.498748
2.278640	-1.650974
-0.281559	-0.795104
1.687177	-0.854149
1.063387	1.778738
0.369099	-1.897524
-0.827686	0.459608
0.493661	2.801142
0.845376	-1.803030
-1.392634	-1.243609
-1.401412	2.523245
2.062743	-2.272202
-1.215786	0.445027
-3.022175	-1.521482
2.809503	-0.619766
-2.969585	1.062803
1.374504	1.899760
-1.454586	-0.176188
2.236473	-1.828456
-1.483368	-1.050102
-0.627878	-2.362062
1.659517	-0.679990
1.532478	-2.714451
2.196242	-0.102742
0.690556	0.814763
-2.764064	-0.706433
-2.312022	-1.897014
0.682473	0.740426
-0.886832	-1.888252
1.974999	-0.532491
1.675770	-2.307995
1.362541	1.454236
-0.144639	-0.838805
-1.202141	-1.428941
-2.275696	1.875797
0.844838	0.005048
-1.391062	3.024635
-0.610142	-0.817272
0.621260	2.221091
0.477411	1.075869
1.492238	2.732275
-1.820425	0.924635
0.630727	-0.379345
-2.462164	-1.638841
-0.824171	2.989663
0.491966	-2.077726
0.477411	1.075869
1.969877	-2.250042
-2.979876	-0.798591
1.731230	-2.250846
-2.146552	2.250472
0.415585	0.272494
-1.213516	-2.968361
-2.127552	-1.626153
0.088868	2.984127
-1.746453	0.494665
-0.305383	-1.363732
-2.828713	1.215897
1.611216	2.448243
2.763987	0.561408
0.621260	2.221091
-3.191937	0.395331
3.077934	1.450184
-0.138536	-0.656010
-1.271620	-2.801599
-1.663563	-1.412247
-0.263592	3.410493
-1.223273	2.328155
2.208486	2.082321
-3.022175	-1.521482
0.837205	0.257844
-1.729995	-0.308475
-1.634825	2.403430
2.462805	1.864128
1.683371	2.674223
-2.938561	0.756344
-0.686264	-1.635407
-2.073028	-2.042537
-0.375585	3.194808
-2.432074	-1.879181
1.045743	-0.042521
2.305365	-1.590739
2.473565	-2.111121
1.120933	-0.336999
0.292389	2.775168
0.415585	0.272494
1.436888	-2.799774
1.962614	-0.601962
1.153947	-1.653969
-1.090449	-0.396687
1.550114	2.887091
0.836643	0.272689
-0.268754	-2.933970
-0.687242	-0.469161
-2.984526	-0.607399
-1.616718	2.416268
-0.610142	-0.817272
-1.356931	2.810055
0.148955	2.624363
2.994760	0.591916
-1.838080	-0.049477
-1.838080	-0.049477
1.593146	-0.309679
2.691405	1.234177
-3.145235	1.366386
1.140733	-1.956646
2.446922	-0.520174
-2.315641	-2.298135
-0.383100	1.250430
0.610346	-1.633917
-0.309861	1.702287
-0.234937	3.200562
0.529917	-2.060063
1.734550	-1.903069
2.406879	-0.670312
-2.096500	-0.731463
0.194006	-2.740770
-0.070644	3.134796
2.601858	-0.913787
0.912762	-0.713115
1.611216	2.448243
-2.505120	0.796269
1.291167	2.470790
2.889952	-1.207754
1.706943	1.167844
-0.904943	0.166372
-0.373882	-2.058321
-2.524382	1.676068
-0.929018	-0.461732
-1.926538	-1.931315
0.704656	-3.008663
2.157564	0.018631
0.386732	1.695122
-2.420903	-2.051561
0.328280	-2.041716
1.648565	0.415015
0.000595	0.823533
1.551751	2.203073
0.316414	-3.159000
1.574931	0.769797
0.809721	-3.296507
-2.372489	1.424005
-3.087686	0.057511
-0.013998	3.161630
-2.609612	1.579385
1.473807	1.270930
0.578164	1.384192
0.318901	3.097784
-1.025469	-1.761712
-2.528823	1.882154
-0.460425	1.256321
-0.362388	3.109562
-1.970435	-2.494784
2.691405	1.234177
-0.426563	-2.941534
2.625553	1.103142
0.833022	-0.497485
1.701139	-0.958315
0.752525	0.286455
0.774448	-0.982279
-0.415334	-1.972185
1.725193	-1.228290
-2.312022	-1.897014
2.462805	1.864128
2.248233	-1.538473
-0.383100	1.250430
2.889952	-1.207754
1.014831	-0.798954
0.829822	-0.043349
-0.833083	2.778880
1.572854	-0.930234
1.999667	0.205559
0.111309	-0.933560
1.146329	-1.967213
0.032767	-1.165595
-0.351105	1.734096
1.070091	0.800255
1.024981	0.319244
-3.253217	-1.149558
2.066914	-2.062780
-0.309861	1.702287
-0.680322	2.815627
0.115498	3.029377
0.857976	-1.634492
2.245440	2.617128
0.061637	-0.801686
-0.620560	3.530809
-0.742476	-0.279745
-0.513996	-2.791038
1.686154	1.431565
1.678264	-2.481263
-0.492725	-3.137713
-0.048975	2.277104
1.446212	-1.452191
-2.488061	-1.742071
0.549623	-2.211147
-3.260383	0.253369
-2.567626	-0.941614
-0.407524	-3.036755
-1.898414	-2.508080
-2.241334	-0.026322
1.974999	-0.532491
0.415547	-1.806008
0.715644	-2.034350
2.061247	0.086149
-0.053160	3.291274
-1.542527	1.627109
-2.651854	1.572745
-0.138536	-0.656010
-1.978143	1.911497
-1.909205	0.021444
1.805744	0.529140
-1.816618	-0.330422
-1.382347	-1.371376
0.620568	1.894354
0.885817	2.781440
-2.458834	-1.577209
3.383242	0.625184
0.797528	-2.851641
-2.462164	-1.638841
2.130954	-2.820678
1.373176	2.913850
1.751391	2.712915
0.814085	2.093685
-3.151031	-0.436620
-3.201758	0.183684
-1.663563	-1.412247
0.274624	1.951319
0.758762	-3.114110
0.814085	2.093685
0.090817	2.141829
-0.902590	-0.561629
-1.055006	0.499782
0.551862	-1.699446
0.524980	-1.116496
-1.568795	0.946402
1.071662	-2.588374
-2.459055	1.829027
-1.974940	-0.936592
-0.607382	2.875651
0.915117	0.101696
0.936213	-0.396780
-2.970839	0.224002
0.487696	-2.021451
0.715864	1.735590
-2.000231	2.426884
1.969877	-2.250042
-1.314037	-0.984520
1.037519	0.104039
-2.801098	-0.640996
2.555133	1.944415
0.662079	0.349784
0.955189	-1.330716
1.753498	-2.456908
1.768134	1.004539
2.479810	-1.669469
1.039157	2.492306
2.183762	-0.604848
0.724466	-1.769668
1.283654	1.430469
-3.012203	0.552808
-2.097578	-0.870212
-0.472145	-2.924252
-2.320620	-0.458852
0.602843	-3.271966
1.785151	-0.655473
1.191880	1.494300
2.531774	0.377425
-2.588486	-1.257192
-0.463697	-3.134025
-0.837391	-0.554612
0.499744	-0.673188
2.486079	1.456361
2.078617	2.195993
-0.991883	-1.650866
-1.820152	1.383940
0.187661	2.022940
2.697856	1.263690
0.246369	-0.900301
2.104809	-0.221756
-1.252126	-1.515467
-3.322462	0.279501
-1.515289	-0.144605
1.904282	-0.881405
-2.168907	-0.468528
-2.609612	1.579385
1.565248	-2.266796
1.108424	-3.084110
2.759311	-0.272541
-0.351311	0.768702
-1.930561	2.443498
-0.695481	2.987760
1.606278	2.288221
-0.963233	-1.881965
1.995879	-0.310512
2.864158	0.044347
-2.948435	-1.170330
-2.813182	-0.519160
-2.923547	-1.606123
-3.083598	0.041135
-2.090333	1.645832
-2.151979	-2.249919
0.316134	-2.297461
-1.401412	2.523245
-1.846073	-1.109256
1.838996	-1.134985
0.358492	-1.138988
1.258196	1.754007
1.045743	-0.042521
1.250791	-1.408540
0.064752	-2.146929
-0.435099	-2.056165
-1.724874	-0.194251
-2.161205	-1.578381
1.909664	-1.953214
2.425242	2.077743
0.383950	0.812712
-0.620560	3.530809
-0.591679	1.405263
0.375297	-2.968243
2.712614	-1.010668
0.088868	2.984127
3.223827	-0.309254
0.447922	3.254957
-1.429094	-2.431075
1.120933	-0.336999
1.836525	2.635914
0.627634	0.940539
1.258196	1.754007
0.337085	1.860865
-1.448303	-2.490981
-0.300237	-1.629084
1.418824	1.545544
-0.891132	-2.735808
-2.970938	-0.011201
2.406879	-0.670312
-1.236455	-1.389440
1.989136	1.921115
0.028156	1.777540
-2.410687	1.733278
-1.475544	-1.573685
2.612093	1.467031
2.819887	-1.309814
-0.282751	2.099276
-2.138322	-2.380272
0.164526	-3.031638
1.319166	1.064095
1.020424	0.186869
-1.439013	-1.512767
-2.017392	-2.546349
0.677401	-3.025328
-0.454441	-0.874688
-0.490724	0.909141
2.470475	1.800119
-1.933023	-2.023290
0.416203	-1.188439
-2.239263	2.319298
2.346547	1.755075
1.861432	-2.423608
-1.155357	2.896188
0.279550	-2.918104
-0.702871	-1.967311
1.966847	-1.968859
-2.474227	0.829924
-1.977910	0.495020
-1.021493	-1.558005
0.938536	0.651001
-2.756347	-0.313380
0.119658	-0.997369
-0.558957	0.235993
1.461086	-1.370957
2.535769	-1.637961
-2.804147	-0.940460
1.114348	-0.263359
2.738952	-0.712676
1.221700	1.083198
2.074709	0.232361
2.916405	-0.333921
2.480034	1.039534
1.373176	2.913850
1.216106	-1.393557
0.957330	0.422704
1.861860	0.380302
1.668181	1.099401
-1.550084	-2.341210
-1.820152	1.383940
-1.185687	2.944674
2.870545	-1.379121
-2.002854	0.330612
2.151088	-0.610416
-1.862430	0.599153
-2.096500	-0.731463
2.571502	0.758915
0.644469	0.239886
-2.433637	1.832053
-0.707307	1.998403
0.358813	3.015773
2.541184	2.100034
-2.683349	-1.132245
-2.645386	-1.972517
1.199341	-1.508108
-1.969982	2.643389
-2.199046	-1.998393
-0.466271	-3.043918
2.542841	-1.455222
0.690878	-1.985223
0.749972	0.523827
-2.388146	-1.622416
-2.886310	-0.394126
-0.484339	1.863562
0.204913	-3.246568
0.672440	0.931301
-0.999611	-0.030263
-1.240605	2.728446
0.467877	0.896366
-0.096796	-2.919615
-2.096165	-1.925574
-1.269350	-2.704646
2.555133	1.944415
-0.356858	2.998457
0.745264	-1.876816
-2.684979	-0.960064
-1.564608	2.222479
0.668633	0.805158
2.147538	-0.023248
1.814695	2.459370
-0.483712	2.205754
1.100593	-1.526279
0.955189	-1.330716
0.439041	-0.717960
-2.336056	1.277354
-1.265366	2.413134
0.621477	1.982420
3.147331	0.259089
-3.003448	0.085761
-2.096139	-0.907945
2.370799	1.407671
2.258208	-2.153809
0.314448	1.022539
-0.300237	-1.629084
-2.491335	1.753540
1.438841	-2.534716
1.187592	-0.073176
1.053906	0.451566
-0.497465	1.983807
0.032767	-1.165595
-3.533627	0.140077
0.234608	3.067925
0.842692	0.437449
2.112525	0.455739
0.148452	-1.038268
-1.302215	0.400409
0.234608	3.067925
-0.919288	2.881025
1.108424	-3.084110
-3.361893	0.245684
-0.707307	1.998403
1.704946	-0.560597
-1.351196	-2.578827
-2.874133	0.367566
-2.247144	-2.106451
0.441569	2.944743
-2.577882	1.681473
-0.754154	0.343859
-0.849530	0.602342
-2.874133	0.367566
2.169124	0.751840
1.804066	-0.725367
0.337085	1.860865
-1.969910	-0.966673
1.251323	2.816275
-1.371941	-1.274997
1.676316	-2.707348
-0.492763	2.692802
2.851784	1.289819
3.341319	0.340667
-2.480092	-1.915658
2.639134	-1.259568
1.955217	-1.159914
0.223242	-0.784357
0.064311	1.995895
-2.448659	0.438634
-0.803891	0.605258
0.877462	2.348012
-1.691594	-0.656306
-0.491987	-3.123377
1.283624	-2.858111
1.339624	0.839299
0.331739	1.193706
1.079990	0.326760
2.183762	-0.604848
-1.515289	-0.144605
2.387217	1.686625
0.863445	-0.132676
-0.477196	-3.023229
-0.915830	0.437684
-0.224512	-3.148383
-0.422069	-3.478249
-2.566800	1.890262
2.755419	-1.398636
1.921239	-0.247090
2.786233	-0.091705
1.405258	1.179373
-1.877843	-0.642680
-0.766157	-2.605668
-2.938709	0.770967
-2.216065	1.620001
1.527960	-2.621837
-2.085705	-0.677146
-2.854666	-0.569436
-1.351834	-1.606627
-2.728161	0.977759
2.427955	1.272054
2.851090	0.558327
-0.772294	1.075235
-0.764246	1.772569
-1.716304	2.146541
1.641194	0.820073
-3.026604	-0.109916
1.200329	0.009747
0.455484	-0.719556
-2.777142	0.937067
1.858159	1.068273
-1.080685	2.796478
-2.524027	-1.807777
0.745100	-0.775260
-1.285613	-1.359786
0.793825	-0.211412
-0.278789	1.119973
-0.957838	-0.483748
1.120933	-0.336999
-0.542403	1.549764
1.287638	1.551151
0.325907	-1.169127
1.688162	-2.550634
-2.722280	-1.439870
-2.958173	-0.780978
-3.023817	0.105671
-0.586033	1.426877
-0.772117	-2.006609
-0.346079	3.111084
2.785272	0.548728
-2.988564	1.328391
-0.091097	2.006101
0.002715	2.996910
-1.030133	1.999003
-0.854489	1.605628
-0.053160	3.291274
-0.862407	-0.462659
0.196164	2.081922
2.351031	-0.589058
-0.909503	2.858411
-1.977710	2.291366
2.343837	1.437218
2.882348	-0.725180
0.660565	2.162814
-0.221565	-3.294327
0.223242	-0.784357
1.476421	1.666430
2.011423	0.354762
-1.338788	-1.392505
-3.152957	0.130097
-0.615514	2.802019
1.462265	2.385524
0.842669	0.770557
-1.245724	-1.280056
1.575867	1.371088
-2.610865	-0.247390
-2.576619	1.045202
0.064752	-2.146929
-2.432595	1.907102
2.139385	0.098209
-1.497244	-2.639371
0.796288	1.812540
2.479810	-1.669469
-0.368985	2.974014
2.601858	-0.913787
-2.442916	-1.937456
2.920838	-1.005296
3.102526	0.816743
-0.703534	-0.074803
-2.810522	0.725795
1.208381	1.539950
-3.225600	-0.221844
2.020572	2.084582
-0.199280	-1.365001
-2.199046	-1.998393
1.974999	-0.532491
-1.792559	-2.587207
-1.990178	0.066616
0.959287	-2.916318
-2.609612	1.579385
-1.751337	-2.489927
-1.954689	-0.023766
-0.096796	-2.919615
-1.827640	-2.306275
1.004005	-0.489128
-1.838080	-0.049477
0.949995	-0.487747
-0.743291	-2.969918
-2.097099	1.929858
-1.275227	1.595535
0.537248	0.721757
1.083017	-0.033132
2.480034	1.039534
-2.646172	-0.326803
0.836643	0.272689
0.064311	1.995895
-1.275227	1.595535
-1.163985	3.149743
2.125194	2.042542
-1.088419	-1.315235
1.270093	1.864424
0.754668	-2.676676
-2.285172	1.608528
-2.094546	-0.344663
-1.768345	-1.077927
-1.748655	-0.587217
-2.319571	0.257159
-0.133727	-3.074593
2.953542	0.688877
1.237157	2.845031
-0.185210	1.112755
0.844838	0.005048
